container height: free
rotations allowed: no
number of rectangles: 10000
595 619
4 35
3 7
79 97
659 2152
764 15
5148 9
995 1
14 489
74 476
1494 17
821 91
731 53
87 75
86 282
428 141
44 4
2230 1
784 8
494 146
2 2
1047 30
126 23
10 240
3663 289
1072 30
188 1
37 303
118 81
7 10
2 25
179 258
490 231
713 37
907 43
165 2
60 1
1568 490
270 817
2705 470
527 85
12 1503
20 46
1107 24
3 24
1030 5
681 1
55 1
36 17
104 115
73 155
404 1
372 687
154 2064
48 28
13 92
1 1
43 5
80 6
2 1
46 127
12 58
8 70
8 4
19 420
47 1
50 5
10 2
28 392
11 2
52 19
2 3
5 3
246 11
186 1366
10 1
4 2
113 508
363 6
28 4
15 70
254 81
659 143
2 10
34 567
13 148
44 125
72 281
147 281
5 5
15 76
25 279
1539 418
164 12
1495 19
6 185
285 28
285 61
4 55
1598 93
1075 7
983 39
1090 10
53 4
23 34
1 156
15 157
37 13
2 34
46 33
101 324
389 56
332 9
5 2
1 773
2 186
2 38
146 24
2 25
1 3
9 12
78 2106
1311 2106
29 11
580 1
14 3
145 193
20 17
77 3
19 3
51 3
1722 11
1722 15
4 34
8 2
34 6
14 6
8 61
23 12
9 8
4365 6
3 413
8 1
8 1
6 23
74 172
1056 9
97 11
993 6
5 28
3 534
3 8
6 1
4 5
1407 7
8 105
78 1157
51 346
27 16
6 13
8 5
396 4
207 98
855 20
26 186
35 94
1225 11
3 650
1 78
14 32
15 9
783 12
11 1
27 1
5 2
207 18
1124 14
3 13
3 5
5 29
13 261
36 26
3 2
26 107
1 2
14 15
2 29
1 14
1341 2
1 2
2 1
63 3
36 79
256 793
292 9
8 49
2 708
1 64
2 61
2 3
16 64
438 24
2 843
1 1314
2 798
1 471
2 2
77 1
1 21
165 729
17 1857
82 184
57 70
304 1
4 163
68 10
286 92
1085 92
2499 265
2 17
873 14
19 15
2 1
2 10
901 1839
15 4
21 4
97 2
45 8
3 8
16 1
19 1
1 255
1134 20
1076 14
917 170
49 392
1 10
2 8
8 470
1 490
69 48
3 2
93 10
226 21
30 64
3 33
3 33
6 10
44 128
507 988
40 1
704 33
42 1
1 46
95 67
461 87
49 44
69 13
1 6
1 229
16 92
37 790
1 3
5 1039
1 3
1 3
19 4
18 21
15 1
1356 26
11 16
228 80
9 2
1 386
294 8
443 11
332 19
4 659
1 499
5 2
188 1
32 10
1 9
713 17
1 2
639 14
1 9
9 9
130 4
20 2
31 20
26 3
28 1
2 34
1318 163
154 449
259 93
50 12
2 4
5 312
1 347
597 112
2 16
6 2
64 2
34 8
25 12
12 72
37 58
52 227
2 1
63 67
887 1
29 60
332 1
191 5
5 5
22 5
31 72
20 198
4 75
4 3
654 8
15 10
31 5
986 1
6 15
12 225
29 6
392 3
231 186
259 5
5 842
21 6
2 2
88 4
753 956
1 178
26 62
4 2
6 1
7 368
3279 92
3279 144
4 116
1 4
49 12
49 1
56 2
248 1
1 76
1102 40
38 26
159 88
6 29
60 11
2 69
97 392
1 12
5 2
3 42
1 228
24 42
831 7
389 591
13 1549
20 912
41 2
4 22
5 69
2 2
1475 32
14 30
9 4
11 3
1 174
2 42
8 14
1766 4
64 131
9 6
665 23
2 8
87 9
11 1
34 1
3 26
1 2
4 7
15 60
639 1
114 3
1083 914
167 1
5 4
1756 5
45 24
46 32
1 13
1 24
51 1
7 1209
7 670
505 2103
15 15
4 35
242 5
733 5
1 10
138 10
1514 125
141 57
16 744
5 54
1 31
1514 525
4 72
129 3
2 10
1 10
57 5
6 109
492 160
299 161
342 1
18 37
4 1
1 2
17 25
13 6
4 13
5 2
2 5
1 3
12 72
10 1
13 1
192 246
2 9
28 4
22 2
1 65
247 43
3 1
5 1039
32 4
3 77
2 52
771 4
91 4
3 1058
1 36
1 156
1 5
17 36
10 3
2 9
2 10
3 3
2 3
1 2289
528 23
6 960
11 100
36 30
35 86
62 7
2 2
20 3
17 2
8 1
3 1
1 2
1 1
12 144
375 92
119 92
10 22
1 60
2 99
5 1
1473 29
1 72
1 2
2 1
1 982
40 31
34 201
2 1
17 47
43 38
259 11
16 6
2 11
5 1
3 2
1 5
95 3
5 2
3 560
9 6
134 2
1 156
447 1
683 2
209 1
2 25
43 49
43 68
1284 9
57 2
48 8
7 12
960 334
81 22
2 1
5 127
3 140
1 124
37 5
4 26
8 672
7 24
5 10
153 897
8 1
3 3
1 1
1 2
1 1
2 26
1 4
3 3
1 1
53 3
1 94
29 103
2 1
2 1
2 1
16 27
16 51
3 5
163 22
166 22
534 33
534 1
16 1
10 24
5 24
76 3
36 3
554 22
828 66
1 15
68 93
45 73
4 29
5 4
1 25
33 1168
7 1190
15 39
18 22
11 7
3 5
8 1
9 98
1 53
235 8
32 1
44 5
41 4
1 5
751 2
2 3
7 330
14 86
1 29
2 10
1 9
339 1
8 1
98 4
25 635
18 10
1 3
1020 1
35 1
3 93
594 13
3 1
34 2
35 1
1292 3
4 101
2 14
2 1
87 3
290 3
47 11
10 5
1 21
4 3
8 6
3 4
19 37
2 1
101 2
42 1
38 1
56 7
38 5
74 24
22 6
1009 14
386 2
789 1
789 25
2 2
1 3
1 1
14 146
83 22
61 3
33 60
152 2
174 8
1 1
41 8
201 1
668 24
8 176
8 43
22 1
279 6
7 4
1 3
3 45
4 45
15 2
2 154
275 19
1 126
1 46
1 6
1 2
4 2
1 21
15 1
119 31
49 27
12 5
37 4
152 5
584 1
1212 6
219 67
66 131
15 139
31 31
50 39
406 1
3 17
1 24
84 1907
38 58
57 248
3 2
10 2
1 115
1 54
27 80
3 8
2 12
3 2
18 1
18 2
36 2
69 10
17 36
8 18
1 48
1 48
17 36
2 4
14 526
2 2
1 8
2 687
4 358
4 99
641 9
3 366
33 1
1 1
1 2
14 191
84 147
78 253
10 49
9 2
6 1
13 2
71 9
6 53
88 37
22 76
1 529
28 3
3 27
2 25
4 2
32 914
1 3
1 5
230 6
229 6
83 8
83 1
21 17
28 169
28 7
28 265
1 73
2 427
353 10
1 370
4 370
8 243
180 7
504 7
21 1
1 4
2 1
16 15
8 1473
2 1396
11 2
1 25
255 6
119 3
130 34
10 21
31 6
57 21
11 25
64 63
4 67
21 219
2 3
4 358
2 7
2 1
2 144
1 131
1 3
610 7
137 32
13 33
227 2
3 2
6 2
92 12
3 10
25 1
1 3
16 13
11 1
3 85
1 64
6 7
6 1
6 1
1 176
243 3
168 2
4 121
357 845
645 8
2 1
9 1
1 632
6 1
6 81
1 255
4 5
2 1
12 6
1685 8
287 199
1 495
10 2
323 1
53 194
3 544
5 7
3 131
3 1
5 13
35 866
2 528
51 28
519 28
492 31
16 4
76 29
31 1
1 6
1348 1321
1618 1002
304 1
1 2
1085 27
52 4
1 124
1 48
3 2
3 1
1 3
387 3
83 103
6 13
4 8
30 36
3 260
54 1
4 37
226 1
1 3
6 1
3 10
94 21
1 2
1 2
5 9
356 148
20 1
6 341
251 163
33 2
22 1
2 1
9 3
89 61
1 10
28 125
6 189
15 64
83 19
1 30
1 7
17 1
6 76
10 385
1 58
2 46
2 300
4 16
23 141
34 12
513 3
513 5
127 1
1 9
33 1
46 4
29 1
57 13
119 2451
228 6
8 1538
5 9
1104 105
1785 26
6 13
1 123
4 45
3 155
2 77
1 78
8 5
2 8
4 1
6 4
2 15
191 8
357 26
560 5
64 1
1 2
3 2
5 1
2 1
1 4
16 10
34 401
166 7
9 6
1656 4
8 11
8 39
1 51
2 49
2 118
1 246
1 48
43 9
44 1
44 21
5 58
5 258
1 25
1 16
2 1
2 17
2 8
436 3
38 11
2 4
29 150
5 94
26 6
26 3
38 17
8 12
1 8
2 145
1 145
607 12
2 1
33 2
6 11
2 3
24 21
28 84
34 16
1 370
21 16
27 728
28 9
15 1
8 1
183 3
183 3
3710 19
19 8
2 1
12 13
1 8
37 6
37 25
13 1
1 246
1 479
220 11
6 3
11 1
5 2
1 3
1926 8
3 1
398 6
37 221
424 785
3 152
12 2
24 23
1 2
249 1
8 2
2 36
9 4
12 15
14 10
10 5
153 852
3 5
3 30
6 30
3 15
3 16
5 2
1 3
18 17
1 110
8 14
36 11
4 3
87 1
2845 2431
36 35
38 4
75 2
39 2
4 540
15 3
3 72
2 72
82 13
1 182
15 4
15 2
223 235
1 25
137 271
137 89
15 141
2470 1196
14 1
744 1
12 1
12 1
5000 1
786 2
7 1
1 14
95 7
437 1
14 2
4 2
4 1
2 10
6 9
84 91
2 44
85 15
2 1
3 70
3 74
13 1
18 20
12 2
219 44
14 11
768 27
1529 1213
1529 502
5 129
42 1146
9 6
2 9
4 2
9 1
5 7
4 3
499 9
503 151
347 25
24 2
2 4
6 1
19 17
50 3
6 1
1 53
582 42
3 1
2 9
5 4
105 5
2 7
581 2205
747 1029
22 3
11 1
3 1
1 2
2 3
1 1
1 181
360 1
23 1
2 2
4 1
2 1
7 4
140 5
114 16
25 1
258 11
889 61
351 1
125 1
25 13
8 3
12 1
1 8
2 1
2 1
141 21
873 6
187 1
1 95
2 6
787 15
4 13
20 1
327 29
1 14
4 1
5 10
17 1
151 1
94 1
94 12
169 1
11 1
5 5
3 1
6 3
14 38
1 44
118 1
10 4
3 35
23 5
23 21
12 23
99 8
11 10
9 8
12 214
2 351
53 2
15 26
6 7
1 140
663 394
1 19
47 1
6 14
241 1
31 1
1 4
2 2
69 2
20 3
173 12
14 6
105 154
29 35
76 7
1 60
4 3
156 1
2 10
7 6
19 1
93 1
4 35
301 10
1333 10
17 1
1 101
99 2
153 1
575 218
536 176
20 1
60 4
60 7
6 3
27 19
25 375
43 12
4 16
76 9
39 7
54 1
34 1
25 1
24 2
1 6
3 4
2 2
14 87
6 3
1 3
1 62
1 5
731 40
11 130
9 103
13 3
2 742
10 24
2 18
32 42
32 1
38 7
68 5
2 11
6 360
6 11
5 12
27 1
9 826
7 826
4 238
2 91
2 235
2 35
2 1
6 1
6 1
17 1
1 34
2 11
45 1
35 3
32 4
1 19
28 10
3 1
7 5
98 1
10 5
102 3
6 7
92 4
10 325
8 15
1 47
167 1
15 3
28 2
42 207
1 8
1 36
79 1
4 1
8 8
30 6
1 2
10 1
887 1
906 44
2804 44
61 2
111 1
39 1
215 20
7 165
2 2
338 1
2 5
404 2
6 1
1 2
2 2
20 5
309 1
101 30
101 4
4 20
87 7
2 30
2 82
77 58
8 125
3 20
349 650
91 203
31 5
25 3
27 9
2 14
1 22
4 15
1 7
963 26
1 158
5 9
3 4
1 5
126 128
598 3
319 3
80 10
9 5
71 2
53 31
10 2
109 16
6 29
188 1
50 7
63 1
91 1
16 6
29 6
1 175
38 28
4 2
40 1
3 10
12 4
1 10
1 155
90 21
1 21
15 15
15 5
54 6
61 7
37 2
17 1
1 2
5 4
6 1
6 4
379 1
152 10
152 16
1 16
1 16
43 120
11 99
57 225
1 17
1 17
1460 45
1460 74
4 2
380 1
2 152
304 16
5 83
46 12
13 2
1 261
2 3
2803 28
2803 179
118 21
15 3
49 1
1 2
2643 436
203 1
39 4
22 74
6 1
13 10
12 17
1 11
103 20
66 20
1 7
2 23
2 4
20 16
1 9
3 1
31 20
281 2
142 2
6 271
36 271
4 5
1 5
1 6
2 3
1 3
1 110
2875 18
19 9
19 13
89 9
89 19
2 3
7 3
8 10
4 8
180 2
186 1
1049 33
62 2
267 1
244 1
18 11
1 2
36 2
503 1
9 2
457 1
9 2
1 2
67 63
17 832
30 26
410 341
32 59
1 46
5 16
1 22
1 17
4 6
1 30
78 2
78 1
32 1
29 131
7 70
24 54
2 1
1 1
5 1
1 43
99 12
37 12
19 1121
18 9
88 1
21 1
1 3
1 3
32 94
32 1228
7 39
6 1
6 1
3 2
12 2
4 54
3 167
3 961
88 11
204 68
14 65
19 5
54 17
1 26
3 26
1 2
1 2
357 172
374 92
18 58
25 55
18 35
25 32
12 67
140 5
7 1
34 15
17 405
2 97
753 1
25 2
948 4
1 34
194 16
1 1
9 1
3 1
2 1
1 2
979 8
10 1
3 117
3 1094
8 1
360 1
20 1
594 1
1 9
1 3
1 5
1 255
42 20
24 3
11 2
16 1
2 4
8 5
3 3
83 33
71 31
49 21
22 2
22 1
88 2
10 1
8 1
641 2
641 5
4 1
192 3
45 1
1 382
1 23
4 12
1 25
2 54
4 103
1 55
1 49
1 16
10 4
1293 1
1 4
8 172
22 138
7 34
6 22
51 10
50 9
3 2
32 94
32 40
31 3
1 9
923 126
24 2
2 1
24 6
82 6
82 335
45 1
19 10
4 4
16 3
1 4
1 4
82 11
181 7
298 53
8 1
18 15
16 24
23 1
23 1
2 50
1 18
1 7
16 3
1 4
116 49
21 1
21 1
5 2
2 396
35 396
7 3
5 27
3 5
1 3
2 1
1 1
10 2
1 696
1 1
2 25
3 2
10 369
2 35
1 151
1 175
1 116
1 9
231 35
156 26
156 8
32 1
305 4
1 47
1 128
32 2
96 2
1 37
32 36
28 1
40 1
82 46
82 66
40 189
40 76
8 1
84 17
316 2
15 14
8 14
2 17
1 3
1 2
113 2
209 4
194 4
9 30
82 1
1893 88
347 47
83 15
4 3
2 4
5 1
20 11
38 4
1 7
1 131
53 10
2 1
8 1
3 2
172 79
192 122
142 10
42 43
3 30
6 78
30 152
33 32
3 74
36 200
1135 508
1234 49
99 453
470 2
12 2
1946 73
1946 26
63 6
57 120
6 63
28 1
24 11
12 5
52 115
343 28
5 39
161 21
182 11
4 1
15 125
1 61
7 1
618 8
974 1
64 12
326 24
146 107
296 238
30 83
57 9
159 9
39 14
18 46
1 121
1057 10
63 11
2 34
3 3
1 13
16 57
56 57
284 4
63 13
6 8
6 4
11 10
1 2
61 10
5 123
1 223
1 58
1 49
4 1
9 725
12 297
3 156
8 14
46 7
38 7
30 7
14 2
28 2
5 7
5 14
31 2
49 2
526 19
129 1
1 27
8 328
2 6
2 4
1 1
2 42
1 91
4 32
15 32
2 13
2 151
831 1
6 54
2 4
1 8
1 4
49 3
49 1
1 12
1 2
84 125
19 58
7 275
694 120
2 4
34 286
34 168
44 2
124 1
85 1
2 18
110 9
137 7
79 19
31 12
24 1
1 19
1 2
30 4
74 1
53 2
44 1
1 9
2 1
3 637
1 34
1 632
2 30
17 30
1 3
1 53
2 3
2 3
22 1
96 2
11 2
14 575
2 2
2 28
6 5
4 15
6 18
32 10
5 20
80 196
67 3
2746 30
4 1
8 1
1 8
1020 41
180 30
129 11
45 1
45 1
61 3
17 1
2 1
17 166
2 166
52 2
86 18
5000 1
559 704
38 1621
194 51
403 968
156 917
2 15
31 8
5 6
60 4
1 96
4 5
2082 1
168 1
1099 8
316 6
1 2
1 2
46 118
12 35
3 15
126 9
126 1
12 3
2 27
3 24
1 12
4 9
2 3
1 14
1 10
2 1
384 2
158 3
196 1
346 2
56 12
160 5
181 3
13 522
9 24
7 71
18 1
2 1
2 1
1 65
4 17
1 2
6 29
5 126
20 2455
117 2455
1 8
1 4
1 1
17 467
16 467
31 115
149 1
149 18
115 7
494 2
494 16
77 1
3 39
3 19
5 1
543 2
160 2
3 9
1 11
3 3
4 8
8 4
3 42
19 2
1 427
8 23
182 7
86 7
14 1
74 1
30 94
45 3
15 66
3 1
22 4
40 3
158 51
3 120
4 23
2 147
2 97
1 5
26 1
3 508
9 193
10 20
7 315
5 243
7 6
2 27
6 2
1 4
1 4
694 138
694 1947
4 7
7 1
8 1
3 124
4 40
1 20
1 9
1 9
165 22
3 1
1 1
4 1
267 4
404 6
737 1
333 2
1 3
44 95
2 30
4 6
4 7
1 7
1 2
1 6
2 1
14 591
1 100
64 1
160 2
62 1
25 4
5 1
2 6
1 3
1340 3
258 6
5 3
15 8
54 1
102 3
102 1
2 11
554 39
554 27
1 659
4 659
65 7
20 7
1 42
63 14
2 17
82 6
139 3
70 23
131 4
146 2
12 2
1 40
4 1
21 19
3 1
2 2
3 1
1 1
6 1
108 1
10 274
31 112
6 1
129 60
3 1
9 1
2 11
5 4
180 1
180 1
1 14
5 2
3 2
4 2
28 1
1 2
485 4
120 2
604 1
7 13
11 2
1 7
2 7
11 2
2 3
12 1
715 437
63 3
1 6
82 298
6 2
6 1
12 2
12 1
2 2
10 1
2 7
2 21
88 1
1762 96
14 1
1 7
134 33
716 33
1 4
18 8
57 4
4 2
9 106
3 104
96 1
783 1
5 4
5 3
29 22
24 215
5 47
1 85
3 126
71 1
3 79
3 272
16 3
120 167
50 22
50 26
3 12
7 1
3 21
1 21
413 242
27 116
2 10
4 3
58 3
4 3
1 106
4 1
55 25
244 30
37 5
4 356
2 2
1 8
2 207
2 207
5 413
99 585
20 259
786 1
2 43
2 9
5 62
1 113
2 11
1 46
1 46
1 8
57 10
34 5
341 204
224 263
359 130
135 59
590 1
590 1
10 1
7 1
7 3
187 5
4 3
12 1
96 1
8 15
8 6
18 11
49 11
16 4
1 3
3 7
3 4
11 205
4 2
11 13
11 12
8 599
8 1028
18 2
1 37
1 50
2 8
290 5
33 48
14 9
23 11
87 4
3 1
2 2
2 1
1 21
102 3
11 3
6 1
6 1
5 67
7 2
2 1
98 1
2 1
65 1
32 19
8 5
10 35
5 59
6 37
16 1
1 484
1 2
46 2
125 1
2 8
3 4
1 5
163 3
163 1
78 8
120 8
4 155
2 161
3 9
6 16
14 1
260 22
1 21
1 23
113 1
3 2
1 77
8 2
3 2
1 4
5 53
13 53
86 2
33 26
1 223
20 34
1 2
1 21
2 1
11 8
4 6
18 200
66 29
66 40
45 10
1 2
1 21
2 1
2 1
2 1
2 24
5 1
1 982
15 195
11 6
3 2
13 3
10 1
3 8
1 12
8 11
2 1
263 28
97 282
5 1
1 329
1 34
28 17
1 2
470 2
1 16
1 2
2 23
2 1
29 22
163 26
177 29
14 16
18 1
7 2
2 2
1 20
251 2
193 2
22 1
4 2
13 1
3 4
14 3
10 1
40 22
16 4
24 3
6 52
18 13
21 13
1 192
304 1
92 30
7 7
13 2
39 1
45 1
25 5
14 14
13 8
9 4
2 65
2 10
2 7
1 5
2 1
1 108
38 1
7 3
31 1
332 48
332 4
3 1
3 2
50 39
7 39
105 1
105 1
6 1
108 184
1 5
1 10
206 1
105 10
105 9
426 5
98 5
1162 526
5 3
251 156
47 157
73 70
225 71
26 1
102 49
35 49
2 3
35 43
3 1
68 2
69 7
113 2
63 2
1186 8
1186 63
7 1
29 141
3 1
262 4
262 1
2 11
1 99
4 7
1 8
4 4
4 2
483 36
209 1
209 1
15 1
10 1
508 19
8 131
4 21
3 9
2 14
77 1
77 1
19 1
19 1
5 2
1 2
26 3
88 1
287 33
53 8
330 5
11 196
11 196
84 4
71 7
4 3
126 28
126 14
23 1
57 6
57 1
3 25
13 68
148 68
1 1539
20 32
37 39
6 111
37 95
14 58
29 42
1 72
5 2
1 7
3 1
1 296
2 296
7 16
4 16
51 14
930 12
2 1
19 43
7 12
2 72
9 1
366 60
23 1
23 1
1 7
5 74
12 29
7 22
131 1
26 136
197 221
218 16
1 2
2 4
3 1
41 368
22 368
75 1
517 191
517 3
1 122
12 2
1 11
15 266
259 114
9 5
1 20
4 1
13 6
9 116
2 116
9 12
25 7
7 3
285 1
15 1
63 6
1 2
1 2
87 1
15 1
5 2
10 2
65 2
5 74
3 74
2 16
1 120
40 1
111 344
111 240
117 11
1 3
1 6
2 35
2 29
137 2
3 1
1 17
14 7
12 7
3710 12
3710 4
2 13
28 60
10 1
62 86
5 52
5 104
219 1
13 5
265 5
1 99
5148 9
2 24
2 36
5 1
1 172
1 172
23 10
5 2
22 6
254 1
28 2
4 6
11 58
21 58
1 284
2 30
2 2
4 35
5 1
17 319
17 251
2 1
3 30
79 34
86 34
2 7
1 2
1 1
1 3
10 9
84 19
52 184
65 49
91 83
96 5
40 1
3 9
2 78
1 282
145 13
36 1
15 1
4 8
6 1
14 1
4 384
1 280
138 225
10 1
482 3
6 2
426 7
120 1
122 79
23 80
30 4
115 5
7 1
29 4
1 5
5 1
25 2
4 1
1 4
17 3
17 4
1 2
260 2
49 2
1 3
11 3
21 7
382 1
9 1
11 2
13 1
7 2
74 280
22 199
79 1
187 4
194 25
219 7
219 11
3 214
2 1
2 16
21 5
31 5
1 83
494 27
64 59
20 59
334 2
148 2
9 6
1 40
1 44
4 1
12 52
21 3
25 483
19 483
142 77
71 77
198 1
1 40
1 100
1 4
80 410
1 57
19 2
2 1
2 2
1 1
1 4
2 2
3 9
67 158
47 158
2875 5
2875 2
4 2
3 2
163 7
1 8
53 28
85 11
418 23
3 184
27 184
2438 106
27 100
9 96
8 16
25 9
1926 14
2439 14
20 21
1 3
310 1
310 1
142 150
7 7
149 2
7 5
40 184
9 10
9 18
18 1
63 14
33 1
1 78
1 57
3 2
414 11
927 2
11 10
1330 1
916 9
3 10
4 4
1 7
6 1
3 6
101 133
155 131
43 3
213 1
112 2
352 266
341 264
217 3
476 1
124 2
372 39
372 29
11 47
16 19
20 5
29 2
155 3
9 28
335 109
407 482
42 512
293 30
66 42
1 87
5 39
10 1
4 1
11 1
349 17
58 3
53 3
4 4
17 2
17 2
3 12
1 19
2 10
1 7
1439 13
5 41
5 22
3 52
30 52
9 2
15 1
4 1
179 57
288 52
361 12
182 5
3 1
2 2
4 1
4 53
1 100
161 7
161 1
6 52
4 118
36 2
1 3
16 12
13 12
12 1
1 183
7 50
32 29
31 29
731 55
120 17
3 18
25 5
22 1
102 28
312 182
312 45
1 24
1 69
5 2
1 5
28 9
2 2
2 7
18 9
799 155
1943 138
1440 22
9 4
2 6
17 6
1 6
1 6
16 1
435 179
948 94
513 12
4 1
11 1
1 7
1 1
2 103
5 35
1 291
1 2
1 97
1 7
462 1
4 3
8 1
3 12
5 2
197 2
2 1
2 12
1 50
1 49
5 87
3 44
1 35
50 53
18 53
88 1
423 16
205 2
205 1
7 5
27 9
14 1
86 34
86 280
380 8
201 9
87 7
87 65
21 57
92 13
5 44
54 11
54 33
1 94
10 4
8 8
468 7
4 11
5 11
2 1026
1 1071
2 87
1 132
2 148
1 234
11 2
94 2
2 1
5 191
10 92
5 123
5 2
3 1
4 6
2 1
28 2
45 18
10 19
38 7
145 9
141 9
1 65
2 1
6 2
4 2
3 3
14 3
3 6
1 234
8 8
3 92
2 84
17 42
10 1
11 65
4 11
6 1
25 1
3 20
50 16
3 32
18 7
1 2
109 21
31 1
31 1
1 13
17 1
3 63
2 2
5 2
1 49
61 1
27 50
122 313
9 341
116 39
3 12
17 1
120 1
120 1
145 3
48 4
185 2
40 2
1 67
7 40
1 69
2 26
1 43
6 2
305 2
3 122
5 6
2 6
13 1
1 1
73 17
33 17
20 21
12 21
141 2
4 141
72 32
4 30
1 1
170 784
1 9
30 19
19 1
50 93
8 44
52 38
2 6
452 10
459 6
253 6
94 2
230 2
13 1
1 4
270 20
1 61
3 8
8 2
3 5
6 109
1 109
11 1
4 1
8 12
3 17
751 2
751 19
8 2
50 2
309 7
219 7
4 2
4 100
4 3
14 1
3 4
831 1
500 41
6 1
438 7
1 22
1 22
371 1
36 40
57 2
57 2
31 1
4 1
23 8
5 7
242 8
206 54
70 17
36 37
14 79
2 3
9 8
12 16
5 88
2 717
2 571
2 551
4 24
1 24
13 1
13 4
4 4
2 4
2 1
129 415
10 415
591 1
4 1
71 7
3 144
1 115
178 1
178 2
28 29
1 78
1 69
1 2
26 7
2 3
7 1
2 1
1 66
37 60
1 181
26 121
93 1
1 3417
2 309
49 175
49 77
380 1
380 1
7 110
7 22
11 255
180 101
41 154
28 1
201 7
1 272
3 1
2 1
10 2
15 1
15 1
7 3
2 54
1 28
10 1
3 2
3 1
1 21
26 22
6 15
30 10
4 5
1 2
15 6
15 5
77 2
77 2
153 9
127 13
26 4
212 176
327 1
406 10
2 528
3 528
3 200
1 331
1 249
2 131
12 1
12 1
7 10
59 1
3 1
3 1
14 3
4 115
4 147
1 13
16 1
1 616
248 20
1 6
10 130
17 130
2 49
3 40
1 20
265 29
223 55
288 1
960 2
2 29
127 80
883 2
883 1
1 86
34 104
12 176
33 72
1037 29
54 97
5 2
1 312
6 29
1 13
34 6
96 106
96 293
84 2
7 8
29 1
7 1
2 118
1 118
1 2
1 2
56 314
4 803
20 94
40 583
16 489
5 1
5 3
1 2
1 394
2 94
1 153
40 1
38 2
42 1
1 4
4 19
24 28
4 282
3 4
246 1
1 11
5 6
2 2
52 3
5 1
4 13
5 13
786 7
6 85
472 6
472 2
140 1
15 28
14 76
29 16
11 11
13 54
52 1
52 4
275 1
115 13
173 11
160 2
2 26
2 2
2 15
103 2
22 3
53 1
282 57
13 53
13 5
570 5
5 12
567 68
2 15
1 46
5 8
1 38
1 6
2 126
1 60
1 60
2 7
2 84
3 18
2 16
4 26
1 2
38 2
473 6
197 1
172 47
29 1
3 196
3 1
1 2
15 16
3 1
1 25
87 1
2 36
12 36
9 177
17 2
41 2
205 1
1 4
1 49
91 42
73 42
467 1
467 1
34 215
1092 164
16 78
1110 27
5 343
6 355
119 1
119 1
1 20
11 11
2 11
23 226
7 6
7 5
16 1
1088 790
78 790
12 1
3 1
1 56
3 19
2 37
224 10
330 5
103 5
41 1
14 99
79 6
9 14
5 14
74 8
253 206
14 1
14 2
9 24
81 24
1 3
65 13
2 1
1 19
3 19
4 14
46 1
46 2
2 1
1 1038
24 183
17 183
6 151
1 56
26 137
26 195
86 41
62 41
410 1
6 1
3 2
5 2
1 1
79 3
430 1
268 2
242 1
10 48
7 13
6 15
24 10
4 10
152 19
81 19
4 2
1 2
9 69
97 2
1 8
2 165
55 3
49 3
4 22
1 54
1 2
207 1
349 13
349 13
24 1
8 2
6 1
1 5
49 55
91 2
38 55
27 1
1 12
17 54
18 23
1 43
2 33
2 3
9 1700
21 9
44 1
2 3
43 5
1 2
1 7
1 1
2 712
18 60
2 1
90 4
146 2
48 1
261 2
261 104
42 11
3 1
2 6
3 18
1 12
11 84
91 1
4 88
1 3
27 5
505 7
4 4
2 1
1 89
3 89
100 33
5 7
1 2
12 44
1 44
48 267
48 46
7 17
5 17
1 3
1 35
1 35
158 298
1 5
414 143
877 13
912 1
1831 11
9 2
2 42
94 4
201 2
293 1
199 2
1514 193
312 8
104 14
3 23
30 8
27 20
1 8
5 1
4 3
2 464
3 17
2 5
2 1
222 35
6 3
6 1
12 5
1 4
1 48
1 53
16 161
158 1
3 1
3 1
9 4
106 1
4 32
54 62
4 2
1 230
230 153
222 153
12 2
1 2
3 1
21 1
21 1
79 1
2 12
13 12
2 1
2 16
24 10
10 4
14 2
1 122
7 1
1 2
6 5
2 5
7 33
937 1
597 17
1 5
164 66
27 1
18 2
19 2
4 13
4 3
1 9
1 16
185 5
187 1
2 4
3 2
3 2
81 2
34 1
3 15
1 751
2 3
1 3
9 9
9 38
7 19
60 1
5 1
996 2
996 2
4 12
4 11
161 9
27 11
15 10
9 12
9 3
29 1
1 10
1 29
1 17
1 495
13 2
1 83
1 21
1 16
3 85
2 26
64 3
45 1
13 1
122 806
179 361
5 3
38 2
103 2
6 4
58 3
224 2
218 1
91 5
508 5
8 6
502 2
350 2
27 230
17 726
38 199
6 695
2 11
2 8
459 8
1 2
6 1
2 2
4 1
1 17
10 15
7 14
4 10
13 9
6 2
6 1
7 1
7 6
135 1
2 4
1 19
44 2
937 1
9 1
192 2
206 1
339 1
1 4
30 32
269 1
2 69
3 69
91 1
1 8
2 360
61 2
591 1
143 1
143 1
6 95
1 8
9 1
1 2
3 2
3 3
3 2
1 1
36 14
120 27
17 2
17 2
6 26
46 7
21 19
218 23
218 7
2 2
4 19
3 9
5087 1810
10 44
10 16
6 1
1 16
125 326
2 6
3 14
18 14
2 1
5 1
1 20
17 30
67 30
12 1322
8 1322
37 2
5 5
19 3
13 8
6 8
2 2
142 21
2643 309
2 2
2 1
1 2
1 1
3413 675
1674 675
2 2
3 6
1 7
1 1
1 2
152 1
3 1
3 1
2 1067
1 2
1 2
9 2
9 2
7 1
1 69
1 69
2 1
1 80
12 3
1 3
412 89
2 3082
2 256
7 3
3 2
1 2
2 1
115 330
20 206
16 124
1 508
1 145
39 145
3 1
1646 4
1646 17
11 3
4 1
27 5
5 2
101 2
53 10
4 10
12 2
2 2
2 11
2 3
261 19
699 19
1 906
61 1
464 2
1 715
3 53
1 53
2 234
2 478
2 1
5 1
859 1
24 2
238 1
2 29
1 4
37 19
14 19
49 1
1 44
152 145
152 31
77 1348
7 6
7 12
24 3
24 7
3 1
1 517
1 3
1 21
2 17
1 52
2 48
1 4
4 1
9 1
66 4
66 4
80 1907
1 1907
5 19
1 3
15 1
5 71
25 67
14 4
2 15
8 3
6 6
9 1
13 3
3 2
1 157
3 143
1 14
3 28
6 5
3 7
188 2
188 1
4 2
52 61
4 38
3 25
53 2
1 23
30 28
106 28
1 6
1 6
1 27
69 3
3 686
1 686
82 2
3 1
290 13
39 13
10 1
10 2
3 2
10 1
4 1
1 197
3 66
1 76
2 10
1 19
27 5
1 191
13 1
248 1
1 8
6 27
7 3
7 25
1 15
370 1
2 5
12 53
11 15
1 10
719 268
1 370
9 23
7 1
1 58
4 4
3 81
2 27
1 54
164 5
196 55
1 3
1 835
1 580
2 50
124 1
75 26
6 31
4 1
1 3
3 8
3 8
4 1
11 3
11 3
1 2
6 1
1 225
1 2
1 2
223 15
36 31
10 3
1656 1
1656 2
1 4
1 1
113 2
22 84
46 36
5 52
2 52
1 7
1 3
7 4
3 2
10 1
4 1
98 8
1 3
6 5
6 6
10 1
1 1270
34 1
10 6
33 1
1 441
1 65
18 1
2 220
10 220
1 9
9 80
33 18
5 18
3 3
2 1
4 2
1514 67
1514 24
26 1
85 426
85 657
5 1
50 6
396 1
112 4
23 7
239 1
49 38
1 2
2 2
2 108
1 129
1 21
457 1
5 1
1 228
5 4
2 4
38 1
38 1
1 2
11 111
1 4
113 1
1 10
2 5
1 4
1 4
4 185
2 64
4 8
2 5
1 6
5 3
56 5
3 3
5 118
10 118
1 3
20 2
83 1
24 2
24 2
27 9
125 1
224 7
98 6
1 10
12 1
2 3
2 6
2 16
2 6
1 85
50 4
170 4
120 3
200 1
15 4
18 4
103 476
645 1
554 22
1 4
1 593
19 24
11 1
4 4
3 4
4 135
5 3
102 1
6 287
4 1
10 1839
24 48
60 53
20 10
1 5
5 1
1 2
14 2
41 1
39 2
16 1
6 1
4 11
9 11
3 9
50 11
67 8
61 8
327 1
4 7
18 7
19 1
2 2
9 1
1 2
9 6
6 6
9 15
25 35
4 30
5 20
1 2
1 2
13 1
4 1
27 1
1 1
9 12
7 12
6 8
6 5
200 6
509 6
1 2
1 12
2 690
1 2
40 15
40 5
7 3
20 3
286 1
11 1
20 20
8 1
14 2
6 1
88 3
88 1
13 1
3 2
1 2
3 243
1 243
12 1
12 1
32 1
22 5
1 5
3 11
39 12
17 16
22 8
11 22
4 15
12 11
1 7
9 37
247 3
217 5
1 9
8 14
808 1
55 3
28 2
137 1
92 1
231 3
45 3
83 1
52 13
190 12
1 107
37 1
508 1
4 1
18 8
1 12
50 117
487 1
332 2
5 1
10 2
2 1
2 2
1 4
1 2
4 9
1 24
4 7
2 4
1 3
7 4
7 15
442 10
589 10
3 1
2 21
3 1
2 1
1 1
1 45
6 1
4 24
4 81
110 26
1 39
5 36
1 10
6 1
1 2
1 2
1 357
3 9
13 1
10 12
6 4
36 2
3 25
198 25
1 90
1 90
1 12
1 1
4 2
5 2
29 1
29 1
1 42
11 1
1 23
2552 32
3 2
2 2
1 1030
313 4
9 34
13 1
554 1
1 1
2 71
4 61
1 60
5 50
3 10
9 1
3 18
1 11
4 8
3 2
71 2
5 36
1 63
2 63
8 2
13 1
13 1
2 1
2 1
12 506
9 439
19 56
92 79
2452 1
3 46
3 6
34 6
10 6
1 1
5 1
5 1
1 32
5 4
23 4
1 2
1 2
6 2
97 2
4 1
223 352
223 34
60 4
1 1
1 3
26 21
8 21
21 1
21 1
1 56
1 56
1 4
13 1
146 3
146 4
15 665
29 665
3 1
1 94
73 3
79 3
14 4
1 33
5 26
7 26
500 2
26 4
47 3
59 1
2 1
2 3
2 2
6 1
29 119
22 119
11 279
2 332
2 3
9 1
8 1
5 1
5 1
532 1
1 159
1 159
63 6
63 3
20 5
1 6
18 3
3 4
17 1
7 1
7 1
33 2
1 27
6 242
1 250
2 166
5 174
1 8
1 521
1 2
520 3
85 3
684 6
832 2
9 1
9 7
4 1
27 1
170 13
170 321
13 1
2 1
6 65
2 58
1 55
174 1
174 2
63 1
63 4
5 1
2 16
2 13
34 114
55 114
94 12
70 12
6 2
6 3
4 7
14 112
11 1
331 18
18 18
89 2
1 23
213 1
10 1
2 1
1 55
1 55
899 1188
29 485
511 1
86 45
11 44
9 1
30 89
29 16
1 14
10 2
3 3
7 1
6 2
4 1
1 78
1 1
2 5
2 4
2 1
45 5
84 5
19 1
634 1
3 9
6 1
1 2
2 11
2 19
2 14
1 34
3 10
1 24
25 2
25 2
9 26
9 46
46 29
4 64
15 64
5 1
11 1
7 1
27 7
4 7
7 1
7 11
64 18
23 18
2 1
5 2
1 1
23 2
39 1
4 10
2 1
442 99
298 94
188 32
552 27
110 5
1 605
192 1
10 1
102 1
2 6
1 7
2 1
1 2
1 1
13 8
161 105
8 170
1 11
1 2
3 1
15 5
2 5
25 1
19 516
3 184
13 1
3 1
14 17
7 22
20 5
2 3
2 3
106 3
18 2
10 1
1 25
1 14
2 14
1 2
5 246
67 1
13 5
214 2
52 10
11 40
42 74
19 2
19 1
9 1
3 190
1 239
60 2
4 1
3 2
1 1
103 1
15 1
16 5
181 4
138 2
43 1
24 17
12 14
7 4
9 9
5 9
42 184
175 184
4 2
5 1
1 1
3 142
10 116
1 3
2 1
15 1
26 1
26 1
5 1
4 17
10 1
2 4
5 3
10 3
14 6
47 3
2 1
12 1
15 12
15 3
1 1
2 1
2 2
14 5
37 5
97 48
34 59
119 1
12 12
16 2
4 2
2 1
1 2
5 1
26 2
7 2
1 21
3 1
2 13
2 15
51 1
2 1
2 1
1 2
29 2
29 5
1034 455
1034 367
1 469
1 469
96 33
45 38
81 9
60 14
36 5
80 7
1 3
831 1
837 1
4 1
214 22
9 2
270 37
1 99
71 1
71 1
37 1
37 12
30 33
30 33
23 27
23 7
503 1
1 1307
21 7
1 3
1 5
7 9
1 10
6 1
1 19
1 17
5 14
395 109
221 89
176 323
440 303
45 20
305 6
371 3
91 4
15 1
15 1
47 14
14 14
4 3
4 4
28 1
9 1
1 132
21 4
67 1
67 1
1 42
4 808
12 808
16 4
16 19
1 12
21 30
5 1
4 3
23 2
1 11
22 1
375 3
448 3
1 13
5 34
5 52
2 8
2 8
98 1
98 2
41 1
2 1
1 28
28 1
1 84
1 84
5 2
5 2
205 1
9 1
7 1
9 1
9 5
1 30
14 1
2 8
2 5
47 2
2 1
1 44
3 4
1 74
21 1
1 2
114 72
114 40
289 1
1 52
2 31
808 1
3 7
1 2
13 1
3 1
159 1
58 1
5 19
3 20
6 33
2 34
3 1
81 757
277 757
59 1
4 4
441 50
1 544
5 544
1 5
6 18
176 82
3 82
4 112
86 4
3 215
3 73
69 1
1 2
1 23
1 18
2 18
1 76
1 2
35 1
290 1
1 2039
31 1
37 21
65 21
44 9
12 37
12 5
74 1
7 1
1 2
2 2
2016 137
2016 131
124 1
2 3
2 5
1 174
2 1
1 1
2 20
57 20
10 1
3 13
46 13
567 2
57 1
534 2
33 1
11 30
3 100
12 30
2 100
9 70
78 1
1 52
483 9
483 2
2 35
3 536
23 1
1 47
7 1
42 3
38 5
4 1
17 607
3 474
15 791
2 317
96 4
71 1
51 1
3 1
4 2
4 2
3 8
4 1
3 5
3 1
1 3
267 2
79 2
239 3
28 1
24 709
14 512
105 308
10 204
100 2
83 51
68 43
74 46
8 2
7 2
1 7
596 81
665 42
487 44
2 55
4 1
1 4
6 22
4 22
1292 8
17 5
8 9
1301 6
9 3
2 2
1 2
591 266
413 250
332 276
672 260
81 16
1 2
9 1
2 2
4 1
5 3
5 4
3 13
6 13
2 1
1 3
1 7
1 2
447 4
9 4
1 6
4 6
9 3
1 21
29 250
29 151
33 4
33 2
4 2
1 1
14 1
2 1
2 1
3 1
8 11
2 1
1 2
2 1
1 1
10 1
10 8
5 1
5 1
295 1
295 1
2 1
14 1
29 1
765 7
284 6
229 7
820 6
282 3
290 1
2 303
2 341
644 12
3 16
10 16
1 3
1 3
35 997
64 826
22 171
26 3
5 2
4 5
27 4
63 1
1 183
2 125
2 222
20 1
65 1
97 30
97 90
744 1
18 1
18 1
4 1
98 1
4 1
2 5
2 2
1 2
2 8
2 34
51 1
1 2
1 69
1 17
6 17
18 1
31 3
6 4
28 4
1 105
1 11
133 2
95 5
216 1
121 3
6 1
105 97
235 8
13 8
5 1
5 1
7 9
2 2
15 4
83 2
2 8
71 9
12 6
10 1
10 35
10 13
15 2
9 1
2 181
1 181
53 14
47 14
60 105
8 53
69 21
30 55
30 48
47 1
1 3
3 1
2 1
1 7
2 6
1 2
3 1
2 8
4 1
4 1
4 866
27 8
38 7
37 8
1 1
10 1
2 87
2 12
19 15
31 6
23 1
7 1
242 23
22 23
21 1
6 2
23 1
31 1
31 3
74 21
74 31
3 1
3 1
2 173
1 195
2 5
1 27
1 22
324 1187
216 1187
42 40
42 98
385 313
385 518
2 7
2 124
2 59
2 34
1 38
1 4
1 1
100 1
100 7
219 1
5 2
3 4
6 1
2 3
32 9
32 3
83 5
51 8
2 25
27 27
1 9
4 1
2 1
43 1
420 6
420 13
1 49
11 1
3 1
1 13
5 13
2031 231
33 24
85 24
1 33
25 1
25 7
2 2
27 8
3 1
1 2
1 7
1 751
110 3
775 69
1 2
2 2
3 22
476 9
44 33
21 33
1 7
1 3
135 1
6 18
379 4
13 3
61 4
80 7
96 3
10 9
10 2
2 1
882 10
882 1
15 7
304 1
213 12
22 4
199 5
14 1
9 1
9 8
7 3
6 1
9 1
2 2
5 119
1 9
2 165
4 1
2 39
75 1
2918 1
744 1
1 33
46 150
1 305
2 53
3 19
3 12
1 4
65 10
13 11
1 10
1 3
1 13
6 25
5 25
2 2
2 1
16 4
285 12
285 351
4 46
2 248
3 247
1 2
4 1
2 1
1 55
41 4
3 6
14 2
149 5
73 2
77 5
72 3
3 1
2 17
6 3
1 24
7 10
1 1039
127 1
1 2
71 8
107 8
1 2
36 2
29 2
1 281
1 980
530 1
2 1
16 72
11 72
6 67
3 3
7 16
1 64
2 2
1 3
2 3
1 4
1 1
981 333
2958 106
14 2
1 9
3 9
74 2
211 2
1 261
26 1
2 47
2 47
1 8
164 55
837 55
1 6
1 441
1 6
1 3
6 1
4 35
6 35
4 27
2 27
1 6
2 13
1 36
1 2
11 2
14 5
8 3
1 14
3 13
2 7
1 1
2 93
11 93
1 30
2 30
1 39
1 9
32 24
9 24
59 1
1 6
1 2
52 3
29 3
2 19
2 140
15 11
5 8
16 2
12 3
22 3
1 2
1 13
41 48
18 30
9 51
50 33
9 18
14 14
14 3
254 4
205 4
2 3
2 3
1 66
60 1
27 2
376 1
33 1
9 8
31 55
21 55
15 33
4 4
2 4
1 4
15 48
15 3
1 4
1 4
1 182
188 1
2 6
2 7
1 2
1 21
1 21
13 58
4 58
4 2
6 2
14 1
1 8
13 22
1 7
31 79
31 5
18 1
2 7
1 2
1 1
4 206
998 2
1 58
51 49
24 49
11 12
8 1
1 4
2 2
2 3
1 2
329 27
61 1
2 1
2 2
9 353
1 36
50 9
66 9
1 23
163 1
2 16
4 6
5 2
1 3
67 1
67 1
7 53
7 32
4 213
4 138
1 593
5 1
190 1
190 3
22 19
117 2
215 1
183 3
355 1
43 3
172 2
45 3
43 1
6 757
838 685
3 61
1 99
2 1
1 2
2 1
1 2
1 1
365 1
327 8
327 6
5 2
5 2
1031 320
267 320
13 12
5 80
470 34
24 34
1 23
243 16
70 1
11 4
11 7
284 23
18 10
3 7
5 7
5 10
4 10
9 1
9 2
45 1
45 1
1 7
1 7
2 1
1 663
1 663
3 19
3 87
2 1
50 1
1 3
103 28
920 28
12 8
2 138
1 7
3 7
87 185
32 11
32 17
2 43
5 3
32 1
1995 1
11 6
16 6
10 9
2 21
4 1
1 197
75 1
80 4
4 3
86 2
101 17
8 12
14 12
3 44
3 12
10 1
16 1
493 2
3 35
2 1
175 2
21 2
87 35
87 39
60 25
22 24
8 19
74 18
14 1
1 90
302 1
1 36
1 17
2 1
1 7
2 1
2 1
2 1
47 22
20 22
3 2
9 2
6 1
62 1
14 128
42 62
72 17
8 122
106 77
13 163
13 7
1 33
122 1
9 179
9 337
9 49
84 2
67 11
127 11
2 1
1 10
3 6
47 1
47 2
19 1
5 34
5 34
4 26
2 24
1 56
5 54
1 2
102 1
1 5
3 28
15 28
113 2
113 4
6 2
6 5
28 259
1 142
2 25
1 36
15 1
2 18
30 71
30 8
594 1
1 3
47 1
2 269
2 446
2 24
52 3
52 46
1 1178
1 10
1 15
11 15
7 5
2 21
16 11
5 10
2 1
152 5
2 5
370 1
5 1
6 59
3 15
11 15
2 392
62 392
2 7
89 7
2 9
2 9
100 16
341 16
2 1
4 1
1 1
1 7
14 1
14 1
58 56
22 43
4 37
76 24
57 1
19 1
1 278
168 8
168 5
2 39
1619 97
87 231
127 14
1579 148
40 134
200 1
1 22
18 2
1 2
63 43
63 26
1 20
7 19
8 2
2 2
1 9
3 9
79 1
13 2
38 1
30 2
21 1
8 1
736 2
6 10
9 14
14 3
1 7
5 4
85 1
176 99
176 56
1 6
2 2
1 16
12 1
185 3
147 1517
86 1517
19 3
1 2
26 1
7 1
1 4
40 2
5 2
1 10
1 4
31 1
883 9
5 1
4 2
7 1
3 1
9 2
9 53
1 305
1 2
1 2
44 256
72 256
1 64
9 1
1 130
15 4
8 4
8 356
1 18
1 18
2 2
7 1
4 3
7 3
5 2
123 1
4 5
1 8
5 6
1 2
38 4
59 2
25 3
34 2
1 2
1 2
3 9
23 6
3 7
22 4
1 1
1 18
102 10
33 13
71 60
177 100
1 14
1 14
13 2
6 2
9 4
1 10
3 1
29 1
1 112
62 1
62 31
1 4
1 2
1 3
1 3
17 64
18 64
33 1
7 3
83 1
83 5
1 8
1 8
1 3
1 34
2 1
1 17
1 4
1 4
3 6
3 6
12 28
2 23
1 40
1 5
203 12
831 1
6 4
6 25
1 45
3 1
76 32
7 1
7 1
5 1
3 1
1 6
19 1
1 113
22 13
48 1
261 2
26 1
3 12
1 12
1 335
1 3
1 22
3 23
1 8
3 5
2 7
1 7
20 121
33 1
32 1
1 37
93 31
3 260
3 88
122 3
269 2
415 1
293 1
32 1
1 95
12 272
129 1
8 5
1 95
8 4
2 58
1 12
1 2
1 3
187 3
187 3
10 12
17 1
1 22
1 22
6 6
6 5
1 2
10 1
1 3
3 1
2 2
1 4
55 1
109 1
7 1
1 14
1602 2
895 2
44 1
194 2
232 2
6 3
38 1
358 15
460 4
549 15
102 11
2 10
5 15
7 9
2 2
22 1
2 4
1 5
2 1
33 10
2 10
2 536
23 536
767 4
2 25
96 2
30 1
19 2
40 1
58 1
94 1
1 4
1 2
2 2
2 271
2 11
1 140
2 10
38 1
38 1
634 1
41 1
41 1
1 2
1 2
95 3
1 3161
5 46
4 1
124 52
124 395
100 21
100 5
4 11
4 5
1 8
7 2
995 1
2 3
49 3
2 36
2 36
1 9
2 3
1 5
2 4
1 1
29 19
29 60
2 10
2 1
4 10
1 24
3 16
1 14
274 1084
45 3
45 4
3 1
4 1
9 7
19 7
3 1
3 4
1 22
144 1
144 3
2 24
1 24
41 4
2 1
2 6
2 4
35 3
35 3
66 1
351 45
149 45
1 18
3 1
138 1
1 1
68 2
19 2
181 2
1413 307
1230 222
379 229
2264 144
851 85
11 2
67 1
20 2
47 1
117 5
583 4
538 1
5 3
17 3
8 2
29 1
29 3
7 11
2 11
2 78
1 106
2 13
1 41
4 21
4 46
2 1
15 5
21 3
1 11
14 8
6 3
33 3
17 59
5 46
1 64
21 51
4 13
18 4
71 1
5 24
5 26
297 5
297 22
39 1
10 3
9 11
4 31
6 20
2 5
2 9
1 2
1 4
2 3
2 4
7 16
4 10
4 11
206 1
14 2
14 3
17 32
88 80
18 80
1 100
1 464
2 464
3 1
150 12
5 12
1 33
10 1
2 5
3 1
4 1
132 20
13 33
26 33
2 2
2 7
100 33
10 36
6 3
914 39
388 39
1 93
18 2
53 13
13 7
110 4
40 3
2 19
2 35
16 2
27 1
68 7
89 7
73 1
73 1
278 23
13 25
83 1
1 28
1 24
2 46
32 2
1 7
7 1
1 236
1 66
1 2
5 2
1 15
178 23
178 102
65 46
3 14
1 14
97 5
97 2
26 6
681 15
681 1
21 5
6 8
3 173
2 59
1 143
4 29
1 114
775 18
1060 1
124 129
124 74
2 1
241 272
68 272
8 73
31 20
11 1
1 15
1926 3
1926 5
79 10
2 1
2 1
2 1
1 3
192 7
154 22
165 6
13 1
1 5
50 4
1 8
3 15
1 15
1 38
40 13
40 5
113 2
113 2
543 303
543 79
4 2
1 3
2 2
3 3
1 1
5 2
6 2
1 8
18 3
42 3
74 7
117 7
1 12
2 5
30 39
2 18
1 18
30 17
12 15
31 2
1 2
1 53
1 2
1 78
1 3
7 3
59 1
59 1
1 6
9 8
10 7
8 2
2 1
6 11
6 1
1 1
1 866
1 7
24 9
24 1
1 3
1 3
1 3
4 1
4 2
5 3
15 7
2 3
11 1
1 1
415 711
441 1566
159 1435
256 855
360 1
1 57
1 57
9 26
33 26
111 446
111 1034
2 1
90 1
8 3
33 5
2 3
2 19
1 95
8 2
1 3
7 1
24 11
205 9
29 2
2 3
1 4
2 20
5 20
3 1
8 68
5 6
5 2
9 1
79 4
79 1
9 1
6 3
9 1
6 3
3 2
369 4
67 13
3 4
2 12
68 3
1 9
1 104
13 5
13 2
11 10
14 4
4 1
122 2
75 2
31 2
16 1
263 2
10 1
25 14
2 91
23 70
1 3
4 3
476 1
476 1
5 1
5 1
217 7
217 1
10 5
9 1
24 467
224 467
1 25
14 1
14 28
28 6
14 11
2 1
3 11
3 80
4 246
2 315
1 69
6 3
39 3
3 3
1 280
1 149
2 65
3 171
1 106
506 1
568 2
126 3
380 1
5 1
1 5
2 5
4 29
4 23
28 2
29 2
39 103
19 4
4 4
9 4
893 1
6 44
2 44
30 8
40 1
16 2
14 1
1 14
1 14
1 4
1 4
2 14
2 3
16 3
2 1
61 70
1 87
28 128
34 145
27 17
1 15
1 42
639 1
1 2
11 1
191 2
17 3
17 3
19 1
1 1
1 10
1 980
1 4
17 4
1 8
1 2
12 43
149 21
57 1
26 21
1 10
1 4
2 1
1 2
1 1
6 17
9 2
9 1
3 108
5 154
3 23
1 1
1 3
147 1
371 37
371 16
145 11
145 10
1 29
63 1
12 147
30 147
3 1
3 3
9 2
5 2
7 5
6 4
8 2
1 2
7 4
7 1
2 1
168 231
245 231
18 8
312 22
1 10
1 10
1 4
70 1
70 1
3 25
3 28
169 986
114 1394
232 54
51 462
1 130
9 1
2 4
17 29
10 4
8 29
19 4
2 25
91 2
23 2
23 2
1 121
1 121
28 79
98 79
1 2
1 2
1 272
5 1
7 2
1407 17
1045 17
89 1
89 3
172 113
26 1
227 1
1 21
1 21
6 19
6 13
1 617
5 11
2 11
1 16
1 44
1 44
1 45
2 2
2 3
1 1
7 1
8 66
8 22
702 48
702 1
5 1
59 3
59 5
1 704
2 90
2 16
1 15
3 32
3 18
85 1
5 19
5 2
1 48
1 76
949 4
343 1
179 4
1113 1
164 3
1 16
2 542
2 16
12 21
31 20
6 20
13 6
5 6
24 1
6 2
27 5
3 6
21 1
2 1
6 1
10 1
127 5
13 1
50 31
52 31
7 6
7 1
1 496
20 496
731 6
731 18
50 3
50 1
27 13
3 1
3 3
9 7
9 6
57 502
144 10
256 10
38 116
24 116
15 16
1 14
108 1
1 189
41 10
74 10
3 59
3 157
64 27
311 5
1 16
247 11
1 5
6 3
3 7
4 5
3 2
20 12
2 218
146 2
301 2
1 72
8 11
8 50
109 33
109 53
1 15
5 8
10 1
193 4
5 3
713 1
25 5
20 23
15 25
10 18
2 1
2 84
1 89
1 5
1 2
1 2
7 2
2 8
2 1
2 2
2 27
1 27
5 1
8 40
8 4
1 30
3 16
1 12
4 61
4 169
35 3
2 9
452 9
1 34
10 4
106 4
549 5
96 1
1 71
1 13
6 5
1 14
6 6
5 8
10 3
23 6
237 6
6 12
6 34
1 223
3 219
1 4
4 38
4 88
11 1
2 11
1 11
12 203
129 203
5 1
47 401
1 172
164 5
28 5
5 19
15 18
12 4
7 14
4 270
6 1
6 1
3 7
6 6
4 2
5 1
90 1
90 2
33 7
4 7
44 1
3 19
7 3
24 1
1 2
14 2
6 31
1 370
1 7
227 11
227 2
6 32
301 16
158 16
54 2
31 19
42 19
2 20
1 20
42 1
1 57
4 16
17 7
17 10
1 95
2 4
1 63
1 59
1 33
1 33
16 1
16 2
2 22
2 21
3 2
1 1
193 2341
193 235
8 84
37 84
1 36
16 20
16 12
1 8
2 2
1 2
3 72
1 6
37 98
5 98
7 5
13 5
16 175
7 259
11 5
12 89
4 84
7 55
7 12
73 53
73 348
1 2
2 1
2 1
1 2
1 2
2 2
2 89
2 17
5 1
4 6
1 5
2 14
1 4
2 3
58 1
22 25
22 63
1 30
4 1
40 1
9 16
9 17
1 20
2 18
1 7
1 2
2 14
2 73
10 3
12 2
13 6
3 1
6 22
1 206
2 206
2 15
79 8
59 8
9 9
13 5
1 20
21 16
12 4
1 23
4 117
24 117
11 1
476 3
210 32
177 33
2 1
8 1
8 4
2 1
3 1
2 5
1 5
3 8
3 7
3 2
1957 19
595 19
2 1
85 4
15 1
1 533
2 20
2 3
71 24
71 2
1 2
1 2
1 69
140 1
140 7
57 10
57 6
37 24
37 5
1 9
3558 9
152 9
1 690
5 690
5 1
11 1
2 5
5 2
8 6
15 746
15 106
3 24
3 88
4 1
4 1
1 17
36 5
322 5
33 14
33 20
147 12
666 14
785 1
28 3
119 2
68 19
7 4
1 38
6 15
1 32
2 82
2 1
176 6
57 6
7 1
1 131
1 15
55 20
63 20
32 5
27 2
14 1
3 26
3 26
12 2
272 2
49 1
1 4
1 4
4 11
4 12
7 1
1 2
719 2
588 2
4 3
4 6
392 10
392 5
103 6
103 14
2 8
4 21
1 28
2 7
3 5
3 5
89 1
7 43
3 1
3 5
28 1
28 1
8 7
1 7
2 1
2 123
2 149
2 4
2 21
18 1
1 7
57 1
36 17
13 17
3 11
3 9
3 2
8 1
3 2
8 1
6 5
11 4
2 2
9 1
5 55
5 9
55 12
55 72
3 897
2 897
11 1
1 6
1 11
2 366
2 24
10 26
2 17
2 11
1 3
1 3
286 1
18 10
277 14
277 19
33 1
1 29
5 1
46 10
46 1
38 99
32 99
4 10
26 11
29 3
1 4
3 1
1 2
1 2
3 10
18 7
27 19
3 109
3 109
53 5
53 5
63 3
69 3
93 1
93 3
217 43
217 203
16 9
48 12
30 1
95 794
95 119
88 1
2 1
39 47
2 40
1 9
40 2
1 7
18 6
18 33
3 1
2 2
2 1
5 1
5 1
4 1
4 1
97 1
164 287
19 1
10 6
3 6
200 10
146 4
2260 2
54 2
1 8
1 69
1 530
404 1
1 5
6 6
6 6
429 19
11 2
13 1
3 5
4 5
259 1
32 25
61 25
118 120
6 6
2 5
1 3
7 2
1 1
16 6
1 27
19 1
19 5
9 4
574 3
71 3
1410 9
1410 6
2 1
1 2
2 1
1 2
1 1
1 33
14 10
6 1
2 19
30 4
2 1
2 1
349 17
118 2
1 57
3 38
3 8
3 1
8 1
8 1
1 3
3 1
2 2
44 1
44 3
1 8
2 8
2 63
1 63
2 5
9 5
14 2
1 36
3 1
8 1
8 4
1 15
1 15
1 38
3 5
3 3
6 17
6 17
1 2
2 1
1 2
2 1
1 1
8 32
14 32
108 3
14 3
21 2
16 2
5 1
1 7
85 2
37 2
42 3
9 3
13 1
67 94
67 22
1 5
9 11
3 5
1 7
11 1
2 6
85 10
85 2
124 1
38 3
1 2
14 27
1 103
2 102
2 1
1 1
1 1
2 10
22 10
137 1
137 1
318 2
283 2
14 3
4 5
6 2
1 5
9 2
15 2
8 2
235 36
464 61
23 75
18 150
40 150
5 8
24 17
44 59
1 131
2 1
97 5
141 4
17 2
221 1
124 1
23 1
274 6
1 6
989 84
26 82
9 7
17 2
28 30
266 76
11 76
2 4
3 4
4 325
33 32
33 5
6 5
1 4
2 21
201 4
14 21
137 21
1 1
51 1
29 11
11 15
26 6
14 10
15 4
22 35
18 22
42 6
2 11
3 11
4 4
4 4
5 74
1 74
1 2
1 2
1 12
13 111
19 61
18 62
14 12
1 50
1 141
1 141
23 6
7 15
24 5
6 14
17 9
4 1
4 1
1 269
8 3
50 3
465 33
1 69
5 7
4 8
6 10
3 11
2 1
70 46
99 46
26 1
26 1
18 3
3 8
4 1
110 4
869 4
1 3
1 8
5 3
2 2
6 1
1 1
1 1
60 12
5 13
50 3
10 1
2 1
2 3
12 58
9 58
264 35
17 34
12 14
269 13
5 1
1064 1
1064 1
6 2
8 2
539 25
23 30
3 4
14 4
40 488
10 488
2 1
8 3
8 28
1019 96
144 96
2 3
708 5
186 5
8 1
2 2
6 3
2 1
273 2556
67 1
20 7
20 9
12 5
1 31
5 3
8 29
4 26
63 12
44 12
2 256
19 7
2 32
3 2
18 27
1 25
7 2
6 1
1 2
1 12
1 12
1 11
1 8
2 5
1 3
2 13
12 252
12 62
41 2
58 2
1 533
107 1
2 5
3 18
1 18
5 7
8 2
4 16
9 11
4 5
7 10
7 55
41 1
1 8
9 57
42 43
15 15
36 1
27 14
334 1
9 15
8 17
1 16
1 2
1 22
1 8
469 3
469 5
1 3
31 8
508 8
203 1
1 11
174 1
174 2
1 1
92 47
73 153
25 94
19 59
15 2
35 3
1 1
4 89
36 121
258 13
11 21
5 19
1 19
9 2
17 2
8 61
18 5
18 27
22 3
2 3
130 9
1 22
688 12
504 9
249 46
439 37
2 27
20 1
20 11
3 2
1 3
2 1
88 4
2 1
2 2
24 6
4 1
4 3
1 2
11 4
3 4
4 3
10 3
5 509
17 270
17 219
12 239
278 5
278 1
1 3
11 3
64 49
1 49
451 2
451 6
69 5
69 14
3 1
258 2
2 6
1 2
3 1
1 1
1 65
1 6
124 4
124 7
6 1
223 10
608 10
1 2
3 2
8 1
44 15
21 15
63 265
4 265
24 2
25 2
2 159
14 181
41 182
12 1
1 16
1 122
6 79
6 27
1 8
6 1
6 1
16 2
8 2
25 1
3 10
3 3
11 1
2 14
3 14
4 19
7 19
1 4
30 1
2 87
2 30
5 1
5 2
20 5
4 2
17 4
3 2
5 1
29 18
2 1
2 1
32 2
2 1
11 84
11 183
8 1
1 37
1 37
131 1
32 1
17 1
14 1
163 1
21 3
6 3
5 52
5 77
9 2
3 2
1 81
333 2
1 7
3 5
4 5
90 66
2567 2
308 2
1 5
1 35
71 39
71 19
7 1
126 9
126 1
22 5
1 2
17 3
17 42
4 2
1 6
1 2
59 1
41 1
263 29
12 30
18 1
257 2
6 1
49 158
4 158
1 598
6 598
28 1
28 3
459 9
635 7
595 5
499 3
51 1
1 3
1 3
90 128
82 146
168 6
4 24
86 18
353 1
80 8
214 8
363 1
339 2
132 1
4 6
5 12
1 6
5 8
19 4
91 11
14 7
2 2
1 2
1 4
6 5
14 2
12 4
8 1
2 3
238 1
238 1
9 3
2 16
5 8
3 11
4 3
2 8
459 68
459 92
129 78
146 83
60 111
69 28
19 1
2 1
94 8
12 8
33 1
33 1
2 2
2 47
1 47
49 49
1 49
30 2
57 16
57 87
1 3
51 6
51 28
4 4
4 14
1 2
2 14
6 1
6 2
1 8
4 1
4 1
1 26
1 26
3 12
3 2
4 1
1 6
64 1
3 225
6 11
2 41
5 49
5 5
5 1
1 6
85 1
416 49
4 54
229 7
191 12
1 11
1 79
2 1
2 1
2 4
1 4
5 3
4 2
33 14
2 15
19 1
16 2
17 1
5 73
2 73
2 4
2 1
59 14
59 40
10 19
64 25
68 11
4 6
8 1
8 3
1 24
32 2
4 68
4 24
1 3
1 7
2552 76
2552 110
4 1
2 3
2 20
2 1
2 1
28 9
28 1
1 2
4 69
3 53
6 2
2 16
10 65
15 1
6 1
18 19
18 68
12 103
5 167
53 32
7 135
2 4
77 4
4 3
1 2
80 1
3 1
1 7
128 46
128 99
27 1
200 1
10 1
122 3
64 7
282 4
371 4
280 4
7 3
5 3
15 57
21 11
16 66
20 20
5 46
20 2
4 2
4 8
3 6
1 7
6 5
2 2
1 45
16 1
21 1
36 2
13 1
41 1
82 298
34 298
2 248
2 1
3 14
2 47
3 1
2 34
1 33
1 6
20 6
8 6
4 104
1 72
1 72
67 1
1 25
2 221
2 43
920 28
920 17
14 3
644 1
1 16
21 25
21 60
27 2
703 1
26 76
26 27
2 2
2 1
1 2
3 1
1 1
4 5
5 69
5 153
114 28
114 8
23 1
23 1
89 1
7 70
8 14
37 14
1 14
1 14
52 1
123 9
113 2
57 17
179 10
56 7
1 2
1 105
1025 127
6 41
6 51
3 69
4 2
8 15
1 13
8 6
5 2
3 1
2 2
2 3
4 26
4 12
3 981
33 353
12 848
24 220
21 628
1 2
12 2
12 1
16 1
1 405
1 122
1 4
1 4
1 8
17 2
171 2
2 7
35 1
2 2
3 1
34 2
1 1
7 40
2 41
5 1
4 2
3 1
34 242
63 40
42 8
8 32
38 1
38 5
6 15
3 17
5 1
4 3
2 1
4 3
1 10
2 6
3 13
1 7
53 39
52 39
2 16
2 1
44 1
1 2
1 2
37 1
37 1
893 1
2 15
3 15
165 1
165 1
12 1
2 6
2 5
41 2
11 2
9 1
9 5
2 1
11 31
1 3
214 1
2 1
1 12
26 6
26 6
98 1
1 5
7 1
6 1
5 4
1 7
8 6
7 4
1 104
52 5
52 26
9 9
5 2
5 2
5 1
1 1
1 16
5 16
5 1
5 1
110 4
124 1
23 3
23 9
1 2
270 29
270 18
16 4
16 2
1 2
1 2
2 28
2 82
34 9
17 9
2 1
1 101
1 1
1 517
705 1
5148 7
2 2
6 2
1 72
1 72
39 1
15 2
29 2
10 1
1 171
1 2
15 2
17 2
4 87
6 87
1 184
1 23
18 19
92 19
1 40
1 40
58 1
9 142
9 142
2 1
2 5
2 5
2 2
4 5
14 1
18 2
1 7
10 2
139 15
139 168
137 9
539 2
388 31
151 7
1 10
128 1
658 2
734 1
52 2
76 1
1 9
1 9
1 33
74 2
4 3
14 1
86 1
86 1
6 219
158 219
858 11
261 20
827 24
2 1
2 1
1 94
68 200
8 13
8 13
1 3
1 40
2 64
3 64
1 207
1 207
20 1
2 171
1 59
14 1
14 1
51 1
16 9
1 9
1 2
1 2
2 1
1 2
46 1
46 1
36 2
36 1
1 8
15 1
15 1
10 1
726 2
45 11
301 10
425 9
1 2
5 2
23 33
4 33
56 1
1 6
1 7
1 7
14 3
8 2
7 4
93 1
1 273
2 25
11 4
1 25
12 4
10 21
61 25
4 25
1 15
5 10
5 12
7 29
13 23
8 1
1 6
69 3
18 3
118 37
21 1
2 2
2 7
101 207
3 1
9 38
5 1625
33 1625
1 6
40 1
40 1
6 3
7 3
302 1
67 2
17 1
17 1
16 42
16 5
11 1
1 101
6 69
4 37
3 5
2 32
150 101
91 101
1 202
2 202
1 96
1 96
14 2
227 2
1 1
338 1
3 2
12 2
41 57
5 1
39 22
27 23
84 17
45 6
1 17
113 1
163 1
2 2
4 1
2 1
4 3
4 1
3 12
3 11
2 9
4 8
1 1
10 1
2 1
1 5
37 14
28 14
200 1
2 1
1 21
8 1
8 1
24 16
48 5
58 11
24 6
751 484
659 484
9 56
2 97
1 40
30 25
105 1
2 2
2 2
1 1
1 12
3 9
2 8
1 3
1 42
249 203
24 134
257 27
8 107
9 1627
1 11
1 11
4 2
4 2
21 10
178 10
1 2
1 13
33 18
3190 39
1 24
7 24
1 9
1 2
138 4
95 1
1 398
4 229
3 229
2 60
1 169
1 40
19 1
1 64
6 1
11 22
12 19
10 11
13 8
2 3
2 1
1 2
1 2
40 1
40 1
1 55
216 9
216 9
2 202
1 10
5 1
22 49
30 64
32 17
20 32
2 15
6 2
2 10
5 9
3 17
3 8
1 2
58 6
1 2
3 1
3 1
17 2
17 2
31 1
2 13
2 13
26 1
16 1
3 8
2 7
1 2
18 16
13 19
15 1
2 3
16 1477
74 1374
55 311
35 208
19 103
836 837
571 837
2 203
4 192
4 597
2 11
12 1
1 3
20 27
1 34
12 10
9 17
11 7
6 5
4 5
185 1
1 9
9 1
9 1
1 15
2 32
1 33
1 1
203 8
8 8
284 7
81 1
1 2
3 4
3 1
1 5
2 133
7 133
8 1
6 1
22 1
22 1
197 6
71 64
149 191
48 58
92 1
35 1
25 16
25 7
1481 20
1477 19
1376 13
1582 12
101 1
18 9
645 1
306 1
306 1
4 3
1 3
1 8
690 1
3 1
16 9
22 7
25 2
9 2
24 16
1 159
1 159
1 10
71 9
55 7
16 1
31 1
13 4
20 4
111 55
111 46
1 2
4 2
2 15
2 15
24 1
161 142
86 142
1 924
33 1
97 248
21 194
113 160
16 54
16 2
16 10
3 1
3 2
25 184
2 184
1 15
1 15
1 45
1 10
2 2
2 1
287 6
287 6
16 4
75 4
1 3
85 13
68 2
275 2
4 1
1 4
2 26
1 26
25 68
1 12
540 7
303 6
211 2
632 1
92 1
2 1
1 236
1 236
1 617
1 325
1 6
338 6
338 4
2 51
2 3
120 1
327 59
327 117
1 21
5 9
3 9
16 13
4 1
1 15
19 3
3 12
1 93
1 3
1 3
1 3
10 2
1 95
370 109
2 109
4 11
1 11
5 140
5 79
10 1
15 185
15 329
51 19
7 19
3 23
4 23
7 1
7 34
1 22
5 72
5 13
1 13
86 10
86 6
47 5
4 9
4 19
1 17
126 4
75 3
164 3
38 1
90 11
16 13
39 9
51 2
7 13
7 35
6 1
87 1
530 1
310 11
26 7
965 6
284 1
3 1
9 32
5 1
5148 1
5148 2
1 22
1 14
1 79
1 11
2 2
1 2
371 1
371 1
11 1
2 1
2 2
2 2
459 49
29 81
162 93
326 125
133 32
1 8
25 1
85 48
85 5
470 1
11 5
71 11
71 6
36 2
36 1
1 3
35 7
32 7
104 2
4 2
38 297
19 297
1 17
2 13
5 3
5 4
6 4
4 5
1 1
17 82
9 82
9 202
3 1
7 5
2 4
77 40
5 1
5 1
1 4
5 1
2 2
4 1
2 36
2 12
42 77
103 77
1 101
66 15
283 12
108 40
241 37
175 3
75 5
149 3
36 3
188 1
113 2
7 2
4 298
4 198
1 38
14 1
5 33
15 22
8 58
12 47
7 11
3 2
4 2
5 1
23 1
23 11
3 61
305 1
1 217
1 217
5 2
5 5
1 50
140 1
1 6
1 6
40 3
68 2
15 2
53 1
1 12
5 79
2 79
1 37
2 37
1 1
24 1
5 2
7 1
22 2
2 1
3 2
1 2
1 7
1 69
2 13
6 13
2 5
2 19
14 64
3 117
3 143
11 28
3 29
4 2
10 3
1 1
5 1
74 1
14 7
14 10
2 6
1 9
2 1
1 4
1 3
8 6
5 6
32 8
32 238
5 1
1 3
4 3
39 54
66 143
35 91
4 89
461 190
27 190
1 101
7 101
6 4
225 1
2 38
2 28
23 22
229 22
7 1
2 528
17 73
24 73
10 4
10 1
1 17
4 17
3 1
1 2
1 2
1 10
12 10
1 40
1 3
91 1
1 9
163 15
338 15
1 4
1 4
1 31
1076 26
1076 25
1 5
23 2
23 93
1 3
1 3
3 1
108 7
108 1
2 3
2 17
10 14
6 238
40 238
54 1839
97 1839
1 234
1 234
11 5
19 4
7 5
4 1
53 2
7 2
1 2
39 2
25 2
7 1
6 2
26 1
1 1
43 1
1 15
1 15
19 2
3 2
2 2
2 1
2 1
49 1
89 3
237 3
5 1
30 1
1 10
5 38
296 38
284 1
1 5
1 6
1 85
1 85
1 6
155 1
36 4
9 3
8 6
37 5
1 1
1 19
6 19
1 5
65 2
12 3
51 1
39 1
1 36
1 36
10 37
102 21
87 18
15 16
84 6
16 6
951 38
928 14
23 10
1 18
10 1
70 1
12 2
12 1
6 4
6 6
1 12
1 31
21 31
5 1
3 95
3 204
1 8
4 1
77 43
77 63
1 35
1 2
304 85
304 28
1 3
113 267
113 464
14 2
29 2
1 8
13 1
4 1
4 4
5 36
5 377
16 1
16 1
1 61
1 61
9 4
9 4
238 1
1 6
70 1
2 149
2 570
8 4
29 4
1 17
1 3
1 3
4 1
34 3
15 2
3 3
46 2
12 1
2 98
3 8
3 5
153 1
24 133
95 133
2 1
2 1
2 1
11 83
11 146
7 10
5 10
266 85
163 85
4 6
4 17
19 1
1 4
17 2
3 5
16 3
68 4
1 4
10 30
4 107
8 109
2 77
5 1
3 199
3 467
71 11
3 15
29 8
45 12
26 4
1 2
5 1
1 2
5 1
4 1
6 254
3 378
8 23
1 147
57 1
11 16
1 16
63 2
7 2
1 2
6 2
14 2
10 1
1 89
9 42
12 309
15 96
6 363
3 267
8 1
8 1
1 2
1 2
2 1
1 5
2 4
1 1
3 12
44 9
31 14
13 3
1 4
1 29
6 10
2 11
3 1
5 2
1 1
11 1
1 70
1 2
12 1
10 3
2 1
1 2
1 2
7 1077
4 657
2 427
9 7
2 420
213 2
213 1
690 1
1 2
1 2
10 171
2 470
7 1157
5 1456
5 299
18 1
75 23
3 23
13 53
19 53
3 7
4 7
23 2
23 2
36 1
1 8
1 8
2 23
3 206
4 157
1 340
1 183
1 11
4 127
4 101
13 6
27 6
3 1
1 90
18 1
6 2
1 8
4 2
3 8
3 6
1 1
4 12
5 28
5 186
5 96
27 96
2 4
2 11
3 56
3 63
1 2
37 16
123 16
2 15
32 15
1 5
1 79
1 7
44 2
117 2
3 4
4 5
5 3
2 4
1 1
25 1
2 3
2 2
3 84
3 46
49 4
49 1
1 3
27 1
2 1
9 2
1 49
6 2
6 2
2 3
2 2
7 2
2 1
9 1
1 19
58 1
1 80
103 2
113 2
5 1
3 1
16 224
28 67
20 181
24 24
8 157
1 106
22 1
3 1
1 8
1 8
19 121
50 121
44 61
60 61
580 1
1 2
16 1
16 1
3 3
1 4
2 1
1 1
723 2
723 3
9 4
5 4
4 1
899 1
104 2
104 1
14 2
1 2
2 48
1 48
2 2
1 2
1 72
1 72
9 1
22 34
3 34
146 3
146 6
5 1
1 2
3 7
2 12
4 2
1 7
2 5
1 82
21 2
21 4
2 5
3 4
2 2
3 1
1 1
1 90
1 90
126 2
126 2
10 1
10 2
3 2
7 2
42 5
42 2
4 15
4 17
2 1
1 1269
2 15
2 5
2 4
2 12
194 6
194 16
6 47
4 66
5 2
5 21
1 19
7 5
14 5
1 9
18 10
18 102
1 8
1 5
5 1
41 1
1 14
2 14
1 25
1 25
2 4
2 2
83 1
89 1
24 27
21 22
9 10
36 5
12 5
10 1
10 2
8 1
8 1
4 1
32 4
32 6
70 2
12 2
697 145
697 435
3 5
1 9
1 19
2 4
15 228
15 34
7 1
7 1
2 3
3 3
19 27
20 27
195 1
195 4
2 4
2 1
29 33
5 7
27 20
2 13
1 7
530 21
530 4
11 1
9 114
10 114
2 10
28 10
56 34
56 24
250 10
250 2
2 1
2 1
48 2
48 3
1 3
1 6
1 6
34 1
9 11
1 11
5 1
175 19
1 27
2 2
174 10
1 8
10 1
1 9
4 9
6 2
3 1
1 3
8 2
2 1
336 10
44 15
101 4
279 9
57 5
1 2
14 177
14 239
68 19
4 1
11 23
10 23
5 1
2 2
6 1
1 2
4 1
1 55
1 55
84 13
1 13
95 1
36 188
2 1
20 4
20 2
2 1
25 2
25 2
43 2
10 438
35 438
1 8
9 1
7 6
8 5
2 10
2 10
1 171
1 8
133 14
129 14
48 2
19 1
4 2
63 1
15 1
2 1
48 1
1 212
1 212
1 2
191 63
554 63
11 21
4 14
2 18
13 11
2 7
1 3
4 16
26 16
1 1307
1 15
2 7
1 9
2 3
1 5
1 2
85 1
9 1
9 2
554 3
4 1
4 1
1 9
2 38
7 18
3 38
6 18
4 20
5 65
2 53
6 2
1 51
2 7
2 22
64 2
35 77
5 77
4 1
2 3
2 2
1 38
12 52
12 167
2 1
1 3
2 1
1 3
1 2
1 366
33 1
5 1
24 9
21 9
4 1
17 184
7 223
15 17
9 56
8 39
27 16
27 6
4 60
36 31
52 31
11 6
11 2
433 1
5 3
397 1
41 3
392 2
13 30
92 15
72 23
33 8
20 15
2 2
2 5
1 9
2 9
5 44
3 34
2 30
6 20
1 10
21 1
29 6
22 7
34 1
17 2
1 63
15 1
15 1
64 1
1 7
1 9
1 9
4 1
1 249
4 189
3 116
2 56
1 60
12 2
3 2
299 62
1 13
6 3
12 3
1 13
1 13
10 1
10 2
1 76
736 1
33 1
1 231
1 7
311 1
9 11
3 11
1 21
1 10
10 1
1 58
87 1
27 81
27 54
1 2
3 50
14 1
26 1
26 1
89 3
414 1
337 4
166 2
77 2
1 57
1 528
1 8
1 8
198 1
198 1
473 5
21 219
21 219
259 1
4 43
4 32
1 27
1 27
72 1
1 4
10 17
2 23
5 3
7 9
3 6
62 97
195 97
1 2
1 4
38 5
6 12
18 5
26 12
12 7
1 980
4 26
2 24
1 8
5 6
1 2
1 805
1 805
26 52
149 62
173 9
24 10
1 2
4 2
23 29
23 56
1 70
51 1
17 1
2 5
2 6
1 17
15 1
15 4
88 1
1 318
2 7
1 4
3 1
2 15
1 15
5 4
1 4
2 1
336 6
347 2
11 1
100 147
266 147
199 1
1 4
82 1
1 10
1 10
9 1
9 1
6 377
1 396
3 57
4 76
2 19
10 8
10 12
2 8
2 8
398 1
398 5
426 23
349 37
580 6
195 20
231 14
5 2
5 1
1 24
1 4
1 21
1 21
26 210
17 210
377 1
377 1
180 9
153 9
324 3
5 53
16 5
313 55
11 50
17 2
17 1
11 9
11 6
641 52
200 59
418 170
218 7
3 866
3 1
3 1
158 16
58 16
353 68
353 9
24 3
4 3
144 1
144 3
7 2
7 1
18 1
1 2
1 2
4 1
2 70
2 9
1 19
7 8
7 7
40 27
25 22
5 6
60 1
5 1
4 4
34 4
3 122
1 122
26 49
2 49
39 1
39 1
3 2
1 2
12 1
6 2
2 2
1 175
1 9
56 1
3 1
3 1
41 1
41 3
2 6
2 13
195 17
195 24
15 3
15 3
17 1
15 2
10 1
2 9
2 13
3 3
1 7
1 4
2 2
29 2
928 276
1 146
980 12
52 134
1 2
2 1
1 2
2 1
1 1
1 6
2 6
4 1
1 20
2 11
1 33
2 24
1 9
2 2
1 2
3 499
1 3
4 1
1 2
6 1
4 2
3 1
12 1
232 57
14 83
49 29
197 55
35 26
12 2
3 2
6 57
8 57
4 4
7 4
1 2
269 18
269 6
13 1
159 3
140 3
2 53
1 28
400 11
52 11
381 1
4 1
8 1
8 2
96 1
88 6
100 1
15 2
73 1
1 607
183 109
26 90
6 37
203 18
20 19
108 1
214 2
258 1
64 2
34 2
4 2
1 1
1 40
783 1
2 4
2 2
51 24
16 18
2 24
65 18
14 6
16 16
434 16
2 97
6 58
2 172
4 39
2 3
2 3
4 28
2 28
420 49
122 20
5 60
537 31
117 29
3 15
8 15
12 24
1 24
1 56
8 120
2 1
6 18
5 1
3 46
8 29
2 17
30 1
32 2
32 3
13 4
13 31
17 1
205 38
1694 38
11 7
5 7
6 1
644 39
644 1363
41 1
5 2
5 3
3 6
1 6
4 6
4 6
12 7
18 7
1 12
2 2
1 44
2 34
1 10
263 2
263 3
4 1
4 6
1 15
2 51
3 60
1 9
59 16
125 16
2 1
2 2
20 2
20 1
4 1
3 1
1 6
2 7
2 12
1 5
3 183
3 313
1 28
1 28
493 1
19 282
3 1
2 3
1 3
1 291
3 3
2 3
1 5
107 1
312 1
7 4
2 6
3 2
6 4
1 2
26 1
1 28
30 1
30 1
1 3
7 212
35 118
24 37
17 94
50 225
17 225
5 3
5 1
87 1
3 1
3 1
1 4
1 3
1 3
18 7
4 7
2 626
3 626
22 3
22 2
1 5
33 1
5 24
6 28
7 1
1 4
31 70
31 2
2 1
2 4
4 1
3 1
11 1
11 1
32 2
32 1
1 56
4 1
27 30
27 172
12 72
3 72
3 2
7 10
1 12
6 40
2 42
5 2
4 1
15 1
15 4
2031 139
2 192
2 220
3 22
1 50
1 28
264 67
264 12
16 1
16 3
9 4
11 2
9 3
11 1
2 2
4 1
4 1
32 1
2 2
2 29
2 17
2 2
2 5
2 177
1 177
1 24
372 1
372 4
1 1
2 2
6 1
1 2
7 1
5 1
137 24
137 42
3 19
1 25
2 1
1 12
115 7
115 14
1 77
274 5
28 5
13 1
2 1
57 1
15 2
43 1
29 2
28 1
1 2
4 1
2918 1
6 1
208 2
16 3
16 8
5 10
6 9
5 2
6 1
1 1
253 29
107 29
2 16
2 219
4 245
5 34
1 60
1 26
3 1
22 51
4 40
1 14
25 3
3 11
2 1
4 488
4 461
14 43
20 2
7 2
214 1
1 46
46 1
46 1
3 2
3 1
7 2
3 2
8 3
8 6
9 3
9 6
2 24
1 30
2 1
1 7
8 203
18 203
10 1
1 2
7 1
4 2
6 1
4 417
2 588
4 140
2 311
2 171
1 3
371 1
1 4
2 4
27 2
27 5
1 24
170 5
59 6
123 8
106 9
64 1
8 30
4 30
46 4
4 1348
1 1348
2 2
1 2
2 1
8 61
35 61
110 1
2 1
2 1
1 5
1 5
208 1
1 15
5 10
2 7
4 2
3 5
1 37
1 607
30 1
58 76
58 64
13 280
13 279
7 3
19 2
6 1
65 35
150 86
197 36
18 87
47 51
45 12
5 10
4 3
46 1
7 31
31 31
2 1
9 6
1 2
32 1
7 559
3 776
4 275
6 492
1 217
639 518
17 985
69 1118
587 1585
52 467
22 210
6 210
15 6
2 6
1 14
1 14
3 5
8 5
3 1
1 2
2 1
2 2
1 1
591 1
8 10
10 10
1 50
9 1
238 70
238 81
57 20
1 58
1 19
7 4
157 4
175 3
50 1
178 1
3 2
3 5
14 5
7 1
2 16
1 21
2 4
1 9
1 5
263 1
2 1
1 30
2 1
2 2
3 1
1 2
1 1
48 1
1 19
37 1
2 1
2 3
1373 1
1373 2
2 3
8 1
4 4
6 2
4 2
1 13
30 97
30 110
113 1
19 5
179 5
24 1
1 2
1 2
589 1
72 1
11 1
6 167
12 167
8 1
1 16
51 44
9 69
10 15
50 40
1 25
255 5
28 5
4 1
93 1
2 2
2 12
1 1
1 21
6 21
36 1
1 10
1 95
1 30
1 10
88 1
1 26
3 19
1 8
3 1
2 7
3 13
1 32
3 15
2 17
11 1
2 5
1 5
11 1
8 132
8 57
2 1
2 13
1 3
31 3
31 6
10 85
2 29
1 117
11 61
1 56
63 145
49 145
2 2
2 3
273 664
273 1049
124 15
143 15
12 2
12 1
14 61
117 60
50 3
81 2
67 1
2 161
2 237
149 3
168 3
3 1
4 19
4 2
832 6
69 1
1 110
207 152
18 92
7 108
218 48
11 60
1 23
1 23
22 10
10 18
15 13
17 21
5 8
89 5
89 2
6 1
159 1
2 1
9 1
9 4
3 4
1 12
18 1
18 1
1 2
51 5
51 1
28 2
28 2
3 5
4 8
6 1
1 4
2 3
4 1
10 1
4 309
1 309
80 2
28 3
60 1
48 2
32 1
2 2
2 5
2 11
1 15
2 5
1 9
1 4
58 2
58 1
14 1
2 1
2 1
54 3
54 2
1 508
68 1
68 1
30 3
17 3
7 34
2 38
3 2
6 6
1 4
1 4
6 64
6 1
1 3
1 218
6 1
6 5
44 6
1 6
1 7
11 42
3 42
6 8
1 8
2 1
49 72
30 72
175 12
1518 12
10 129
7 330
13 86
4 287
6 201
5 338
5 63
1 55
2 49
1 19
2 13
1 6
2 162
2 162
13 1
1 2
26 1
8 2
19 1
18 1
1 2
3 3
1 4
2 1
2 2
1 1
171 4
171 1
1 12
2 12
14 1
1 9
38 195
65 195
19 1
1 1
4 175
3 180
6 30
1 35
3 5
1 230
10 230
46 1
1 11
1 11
247 22
41 8
30 16
258 2
11 14
1 15
1 15
4 2
6 1
2 2
4 1
34 1
1 10
67 1
2 229
25 229
38 1
38 4
2 41
253 19
253 3
1 19
1 27
2 27
5 18
5 60
1 29
13 18
5 12
9 1
8 11
366 141
57 156
201 21
222 36
144 15
32 1
1 272
9 59
2 42
1 24
10 7
1 17
3 12
3 3
21 1
16 1
24 8
38 44
8 44
3 12
3 3
1 10
13 4
49 4
1 10
321 23
321 8
1 17
1 1
1 9
1 9
1 192
1 35
2 35
6 3
8 3
1 21
3 5
3 8
1 30
1 30
2031 37
2031 30
164 45
164 280
9 10
9 18
43 1
43 1
54 4
37 4
3 7
11 5
3 11
11 9
8 2
1 30
114 13
101 1
42 14
173 2
59 12
5 47
10 47
4 1
1 2
2 1
3 2
1 1
296 2
3 2
14 1
37 12
37 1
6 2
6 154
470 1
1 13
1 13
1 57
11 15
9 28
11 2
9 15
2 13
377 1
8 1
2 1
108 1
1 2
2 1
2 2
53 115
53 27
14 1
8 26
8 15
109 37
5 48
7 9
107 20
2 11
247 65
218 65
82 9
82 1
12 1
1 3
91 1
91 1
1 1
1 1
7 1
29 1
703 149
703 3
6 4
204 12
992 12
194 1
194 2
17 1
17 2
71 110
58 110
2 9
2 23
8 1
8 1
5 667
5 199
16 5
2 4
1 2
17 1
1 1
5 12
5 2
4 31
4 26
1 356
25 1
25 1
1 2
4 1
2 1
640 1
1 2
12 2
1 464
2 1
1 38
2 420
2 26
1 206
1 12
1 12
19 22
43 22
873 3
873 5
1 2
17 1
17 4
44 1
525 2
32 2
1 123
2 36
3 23
1 20
4 7
2 13
38 1
832 1
832 1
1 25
1 25
2 391
2 290
123 18
4 18
2 1
1 2
6 11
5 11
1 58
2 58
1 23
1 120
1 4
1 4
1 44
2 1
2 1
14 1
7 2
10 1
11 2
3 1
138 1
3 2
3 8
30 2
33 1
31 2
32 1
2 1
498 1
7 1
156 34
749 26
507 13
398 5
242 8
1 2
100 29
3 42
13 18
90 31
10 13
262 60
167 46
110 40
319 26
57 14
2 1
2 1
78 1
7 1
124 19
53 7
126 4
2 3
2 7
2 2
681 11
681 1
36 1
1 35
126 12
40 16
86 16
9 4
7 15
13 16
3 27
6 11
91 4
39 4
41 58
77 58
6 1
6 1
65 5
65 1
2 10
2 10
1 6
1 11
127 5
127 3
2 1
68 60
9 60
1 15
2 11
1 3
2 2
1 1
45 1
965 144
94 144
4 3
4 16
1 12
1 1178
58 1
58 2
4 106
6 216
7 79
3 189
1 110
1 1700
2 233
3 234
4 7
1 8
1 1
15 1
15 1
2 143
1 180
2 7
1 44
1 37
125 1
125 1
60 2
60 2
53 21
27 21
3 4
17 4
2 6
2 6
1 16
1 16
2 2
2 3
1 14
3 3
3 1
1 23
1 4
1 80
1 80
2 1
1 31
1 31
3 1
94 2
94 32
1 91
12 2
29 1
26 2
15 1
3 1
398 6
398 1
4 5
4 16
29 1
29 3
8 11
1 3
204 1
1 5
13 131
5 131
64 9
64 36
59 1
5 37
3 37
21 1
1 567
1 567
2 1
263 4
263 2
1 1270
15 63
36 63
3 1
47 1
48 7
1 10
3 7
46 10
2 3
1 28
1 28
11 1
2 14
2 64
6 10
6 697
1 3
53 5
12 80
12 6
1 211
1 211
6 93
12 93
1 17
8 1
2 13
1 56
2 4
1 47
1 43
11 8
11 2
98 4
42 4
8 16
2 27
7 4
3 15
5 11
21 43
21 145
2 20
2 22
3 1
1 3
1 2
3 7
2 25
4 99
1 117
2 18
1 9
1 9
57 13
57 57
30 2
30 1
1 52
2 5
2 22
70 6
145 6
1 228
5 172
5 445
1 3
2 2
1 3
2 2
1 1
43 10
8 15
40 14
11 19
32 5
1 80
1 80
1 124
1 124
1 5
2 4
1 2
2 1
1 1
1 61
1 6
365 1
3 3
3 3
2 30
2 15
20 1
68 4
405 4
1 15
2 15
4 1
13 1
1 2
3 2
1 57
149 5
592 5
2 1
4 42
10 22
9 28
5 8
1 20
82 145
82 127
4 3
2 3
138 1
454 66
1 7
6 3
3 5
4 1
3 4
133 8
133 11
11 1
11 2
1 48
1 48
85 18
85 2
1 16
1 3
8 1
16 10
39 3
9 13
46 6
30 7
27 25
4 18
1 14
30 7
3 7
5 6
48 6
28 1
28 1
20 15
4 15
21 16
67 16
1 3
9 12
10 6
6 9
13 3
4 6
2 51
2 12
1 79
1 9
1 6
2 6
87 1
21 12
11 11
5 4
27 3
6 1
4 11
2 11
27 1
66 1
63 3
63 14
2 2
2 1
1 3
543 140
287 224
737 50
93 134
450 84
50 3
51 1
32 2
1 1
1 13
1 13
513 5
513 7
9 5
7 6
10 4
6 5
3 1
1 2
5 1
14 10
5 10
2 6
10 5
3 2
9 1
7 1
1 3
1 2
1 80
2 3
2 2
1 41
90 31
90 103
1 12
6 58
19 58
2 48
2 11
32 1
72 25
11 25
240 35
240 31
4 1857
2 1857
3 2
3 6
446 1
5 2
28 2
6 26
15 26
601 564
485 564
2 133
4 133
3 4
1 4
4 1
21 1
1 2
2 2
5 8
5 1
89 1
12 1
14 1
1 3
15 2
15 1