container height: free
rotations allowed: no
number of rectangles: 10000
10 8
2 2
27 1
2 60
6 2
2 2
1 4
3 4
3 1
1 8
2 1
2 4
2 12
2 7
5 6
20 1
2 1
8 1
1 4
1 2
4 1
1 6
2 2
1 2
20 2
3 4
1 6
1 3
1 90
1 3
1 3
1 5
3 1
42 1
22 7
6 1
1 7
1 1
21 1
6 6
10 1
11 33
2 7
5 1
14 1
2 1
26 14
1 6
15 1
2 11
13 1
4 12
1 9
1 9
8 1
2 2
2 3
1 6
6 2
1 8
4 6
4 1
1 17
1 6
1 41
2 3
9 1
2 1
1 2
1 7
1 2
1 10
13 7
6 1
1 2
17 1
10 3
1 2
2 4
1 4
1 5
1 2
2 1
4 1
1 39
3 1
1 2
11 1
7 1
3 14
3 1
17 17
1 1
2 14
2 20
2 6
4 3
1 2
8 2
2 1
3 1
1 15
10 2
4 1
1 181
1 30
1 12
2 1
2 1
5 2
4 1
4 3
1 2
4 1
6 1
2 2
12 75
1 7
10 3
9 2
2 1
1 5
1 3
3 2
1 4
2 1
4 1
1 18
1 7
3 1
2 2
6 1
1 8
1 2
1 16
2 1
1 5
1 1
2 1
2 1
12 3
1 2
7 1
11 1
4 8
1 13
7 1
14 1
2 1
1 22
1 10
2 1
2 1
19 49
1 12
1 2
1 2
5 5
1 11
50 1
1 1
12 51
13 1
1 3
1 27
1 2
2 2
1 3
9 7
6 1
1 2
1 10
1 7
18 13
9 1
3 51
1 5
2 1
4 2
1 2
5 1
13 1
1 9
3 7
1 37
4 1
3 3
2 45
7 1
3 96
9 1
35 2
1 2
3 210
2 34
2 70
1 4
2 1
2 1
5 1
1 2
1 2
3 1
2 1
2 8
7 1
3 1
3 1
2 1
2 1
1 5
2 1
1 3
1 4
47 1
2 1
1 48
10 1
1 9
1 2
5 2
20 1
2 3
6 1
1 5
1 5
3 1
1 11
15 1
1 4
2 1
1 1
1 32
2 1
11 9
1 4
6 1
1 5
1 2
1 2
1 14
1 3
9 1
1 1
2 5
3 5
2 35
1 29
1 1
1 6
1 3
3 1
4 1
2 4
6 1
1 2
4 3
1 3
1 13
1 8
1 9
1 1
2 3
11 1
1 1
5 1
1 7
4 1
1 1
1 5
13 1
1 2
1 1
3 1
32 1
3 8
2 1
2 1
1 13
4 1
1 1
2 62
2 2
1 13
19 12
7 1
2 2
2 57
1 12
4 9
1 2
2 2
1 21
1 28
1 3
1 4
1 3
3 25
1 21
20 1
1 25
8 2
7 1
9 1
5 1
1 19
2 1
10 25
2 2
3 2
4 4
2 3
2 2
3 1
1 2
13 1
3 1
8 1
2 13
1 3
1 5
19 1
4 1
89 1
1 11
12 1
2 1
6 15
1 2
2 1
2 1
1 11
2 1
1 12
66 1
1 4
3 1
3 1
1 1
2 1
8 2
2 2
4 36
2 1
2 2
4 1
1 2
18 2
2 1
6 1
2 3
16 1
1 18
1 2
1 16
12 1
1 8
6 1
1 2
122 1
6 1
2 16
17 1
43 104
43 39
9 1
2 1
1 19
2 1
7 7
10 1
9 1
2 1
1 3
2 8
24 1
2 1
1 49
7 1
1 2
2 1
2 1
2 1
4 1
9 1
2 1
1 2
24 1
4 1
1 1
1 1
3 1
80 1
2 1
1 5
5 1
3 1
4 9
9 1
2 1
5 1
7 1
2 25
2 1
1 1
14 1
1 2
1 3
3 1
8 1
1 15
3 1
38 1
1 5
1 6
1 5
1 2
1 2
2 7
3 2
1 12
2 4
2 1
7 3
2 18
1 10
5 2
7 3
2 2
1 4
2 1
1 8
4 1
5 1
1 7
1 2
9 1
14 3
2 12
2 1
4 1
3 4
1 9
5 4
2 6
1 43
1 13
1 6
1 17
16 1
2 1
1 1
4 1
9 3
3 2
1 2
1 5
3 2
2 1
2 1
16 1
23 1
3 24
2 9
5 1
2 8
1 2
2 1
1 3
2 14
1 3
1 4
1 2
7 1
4 2
2 2
1 4
13 17
5 3
2 1
1 1
13 1
4 1
1 1
5 1
5 1
2 46
1 7
3 1
1 40
3 1
2 1
7 1
3 6
1 14
3 1
4 1
3 1
1 3
3 1
1 14
2 1
14 2
2 1
5 1
2 1
1 3
1 2
1 4
2 1
1 2
1 31
1 3
2 1
2 1
37 1
4 1
1 19
1 8
16 1
12 1
1 2
2 4
2 1
1 4
2 1
1 5
1 26
1 3
1 5
8 1
9 1
1 40
2 19
6 1
1 2
4 2
11 1
1 1
1 7
1 2
5 1
2 4
2 1
3 1
7 2
1 2
2 1
5 1
1 3
1 3
5 1
1 142
1 6
14 34
3 1
7 44
1 38
1 19
11 6
1 20
13 5
19 1
1 2
1 10
2 1
5 1
1 36
1 4
1 2
1 2
5 55
8 1
2 1
1 14
3 2
1 3
1 1
1 3
3 1
1 3
16 1
1 1
2 1
1 63
5 1
1 14
2 2
4 1
4 37
2 37
1 2
2 1
2 1
2 1
24 9
11 1
1 21
1 2
4 1
1 8
7 1
1 9
1 12
1 2
21 1
19 1
9 1
2 1
2 1
3 5
12 1
5 1
1 9
2 8
1 2
1 3
7 3
3 8
4 1
1 3
1 2
1 19
1 4
1 2
1 3
1 9
1 12
1 2
10 2
3 1
1 2
5 1
2 14
7 1
3 1
13 1
1 11
1 13
4 14
2 1
2 1
1 3
2 1
1 1
1 2
13 1
1 7
2 6
1 10
1 210
1 5
3 4
3 1
3 1
2 1
20 1
1 2
1 6
1 2
2 1
9 16
5 1
1 28
1 6
1 3
1 2
1 3
1 19
1 1
1 2
1 5
2 4
1 8
1 16
4 16
1 27
4 2
1 9
3 5
1 2
112 1
2 1
68 1
1 4
1 7
7 1
1 2
1 28
5 1
2 1
1 47
1 2
1 120
2 2
1 5
1 6
1 2
4 1
3 1
1 7
2 1
2 4
3 2
1 8
1 9
1 1
1 2
1 4
1 198
4 1
3 1
2 1
3 7
2 1
1 1
1 2
36 1
1 16
2 2
32 21
3 1
9 2
9 2
1 1
1 4
1 8
15 3
2 7
7 1
1 2
6 1
1 13
7 1
7 2
3 1
2 2
3 1
1 1
2 1
1 2
2 3
9 1
13 2
8 1
7 1
5 1
1 2
2 2
1 20
4 7
3 3
3 1
1 1
1 2
26 1
2 1
1 16
1 2
1 2
4 1
9 1
1 3
3 1
7 1
14 1
3 1
2 1
1 2
1 19
1 2
73 1
1 17
3 2
2 2
2 7
3 1
1 4
3 1
3 1
5 1
1 20
1 25
1 23
8 2
1 2
1 43
2 4
36 1
2 1
1 12
1 55
1 13
2 1
21 1
1 7
1 6
4 2
3 1
3 5
1 2
2 2
2 1
1 11
1 26
26 1
1 2
41 1
1 14
1 3
1 3
1 2
1 3
13 1
2 1
3 1
10 1
2 10
14 2
1 2
1 12
4 1
1 4
1 11
2 1
2 1
1 2
1 14
3 4
37 4
2 1
14 1
1 1
1 2
1 2
2 1
2 1
1 3
10 1
2 1
2 69
1 2
2 8
7 7
2 1
1 17
31 34
1 2
4 1
1 3
172 17
3 8
6 12
2 1
1 3
1 2
1 2
2 1
5 1
1 4
16 1
11 1
9 12
3 13
1 3
1 2
2 1
1 2
1 2
4 1
1 3
1 15
1 31
10 1
1 2
27 1
3 1
6 13
5 1
1 17
1 9
2 1
2 1
3 4
2 1
17 1
1 3
4 2
4 1
6 1
2 1
2 2
1 2
1 17
1 1
1 2
1 3
4 1
1 14
3 1
2 3
1 4
2 1
2 1
4 1
3 6
1 2
1 83
3 1
2 6
1 2
1 7
1 3
1 3
1 1
7 1
1 32
1 4
2 2
1 21
2 1
49 3
1 20
1 38
2 29
1 8
2 1
1 1
4 18
1 11
1 2
1 20
72 1
1 5
1 8
2 2
2 7
1 25
7 1
1 17
4 1
1 15
2 1
1 2
4 1
14 1
7 2
16 1
1 4
3 2
1 3
2 1
1 15
2 2
2 4
2 1
6 7
3 29
1 4
1 4
5 1
1 2
8 1
1 4
1 2
1 7
1 2
4 1
5 1
1 18
1 2
1 198
22 1
1 2
5 1
4 1
2 1
1 5
19 1
1 4
1 2
3 1
5 9
2 5
2 7
13 1
1 4
2 4
51 1
1 57
3 1
6 4
25 7
1 5
2 1
4 1
1 2
1 40
19 1
1 3
4 1
1 2
3 1
2 1
1 2
2 2
2 29
2 1
1 16
2 1
1 39
1 4
3 1
1 2
2 1
9 1
2 2
2 6
3 1
7 1
7 1
5 1
6 7
1 1
1 18
1 15
6 25
15 1
2 1
1 2
1 3
1 3
1 129
9 1
2 1
1 18
1 2
1 1
1 1
2 1
2 1
1 88
1 16
2 1
1 2
2 1
2 1
1 3
1 6
2 1
1 2
1 2
4 7
5 3
49 1
3 3
6 2
1 6
2 2
13 1
1 3
28 128
1 2
1 7
4 1
1 3
26 9
5 11
1 28
4 1
2 1
1 2
77 4
34 1
72 1
1 3
1 3
28 1
12 1
2 1
1 4
1 6
1 2
1 50
1 2
1 6
2 14
1 15
1 1
1 9
7 1
1 1
1 8
8 1
1 12
2 1
3 2
3 2
2 2
2 4
3 1
31 1
2 1
7 1
3 1
2 1
1 3
1 2
1 6
1 3
1 16
2 1
2 1
5 13
1 3
4 7
13 6
6 1
4 1
1 22
2 1
1 10
1 2
2 2
7 1
1 2
1 1
13 14
2 1
1 2
1 4
2 1
3 1
2 5
1 5
1 1
11 2
1 2
1 34
1 4
19 1
1 4
2 28
2 27
9 1
10 1
1 4
1 2
3 1
3 5
2 2
1 6
1 2
2 1
2 1
8 1
1 11
5 1
24 1
4 1
1 3
1 14
14 1
3 1
2 4
2 5
1 20
3 1
2 3
1 16
1 210
1 2
1 11
24 1
2 1
4 1
1 3
2 1
1 4
1 12
37 1
3 1
2 1
2 1
21 1
1 1
1 2
3 2
19 8
1 19
1 3
2 1
2 1
2 1
1 3
2 1
1 2
5 7
26 15
26 1
2 1
1 32
1 8
1 18
49 1
1 7
9 7
2 2
1 8
2 1
2 3
2 6
1 11
1 150
1 5
1 5
8 1
2 1
32 1
1 2
2 2
6 2
3 1
3 1
2 1
2 5
1 19
6 1
3 3
10 1
7 1
1 1
3 1
5 1
1 4
2 4
6 2
1 7
15 2
2 2
3 5
2 1
2 1
1 17
1 18
2 1
2 1
1 9
3 1
6 1
2 1
1 2
1 8
1 5
3 1
4 1
1 30
12 2
14 1
21 1
1 2
2 1
1 12
16 1
1 4
5 7
1 3
3 1
1 2
1 132
2 2
4 1
2 1
1 1
1 11
3 2
39 1
2 1
3 1
1 7
1 8
1 2
10 1
1 5
5 1
3 1
2 1
2 2
1 8
4 1
1 2
2 1
7 1
1 1
3 2
1 7
9 1
7 1
1 4
1 13
1 2
3 1
7 1
3 1
1 5
1 2
4 1
10 1
6 1
2 1
1 2
4 8
1 4
3 60
1 19
13 1
2 3
2 5
104 1
3 14
1 1
7 2
5 1
3 2
9 2
1 9
4 1
1 5
3 3
1 37
1 15
4 1
1 43
1 5
1 9
8 1
2 1
2 1
2 1
1 4
1 24
2 1
1 23
11 1
1 7
1 3
1 4
2 2
1 3
2 1
4 1
12 1
9 1
1 3
1 2
1 4
2 1
1 10
2 1
1 2
5 1
1 2
1 2
3 1
8 1
1 5
3 2
1 2
1 4
2 1
1 8
2 5
2 1
1 2
3 1
11 1
18 1
2 1
1 6
1 29
4 1
1 2
1 20
1 16
2 1
23 14
1 21
1 2
2 1
1 5
1 10
2 1
6 1
1 3
1 3
1 2
1 4
7 1
4 1
2 1
2 1
1 37
3 2
1 6
6 1
3 1
1 2
1 28
9 32
31 17
14 2
1 2
30 1
1 28
1 2
1 2
1 18
2 3
6 1
1 4
1 2
11 67
1 12
28 4
11 1
1 5
1 4
1 2
16 1
7 1
5 1
1 14
3 2
1 2
1 27
5 1
3 6
31 1
1 4
1 2
1 4
5 1
1 2
1 3
1 2
2 16
2 1
13 1
15 8
6 2
5 1
1 10
1 3
2 1
3 4
2 1
2 1
2 3
1 5
1 7
2 1
4 1
2 2
1 18
4 2
2 2
4 1
1 4
1 6
49 1
1 6
2 4
2 14
1 6
1 2
2 2
43 5
1 8
1 8
2 1
3 1
6 1
1 5
2 1
1 23
27 1
27 1
24 3
18 1
3 1
2 1
5 3
1 2
3 3
1 34
19 1
2 3
3 1
3 1
1 2
6 3
7 3
3 1
1 9
1 41
3 1
1 5
3 3
1 19
1 19
2 2
45 1
3 1
1 1
3 2
4 1
1 6
1 2
1 2
2 1
1 47
10 1
1 5
1 1
14 1
1 6
2 1
2 1
1 4
1 2
4 1
1 2
1 2
1 1
59 1
1 2
5 1
1 3
2 1
1 3
3 1
1 181
2 1
1 1
4 4
2 1
1 4
1 5
1 3
2 1
5 1
3 1
1 96
1 21
4 6
4 1
1 73
2 5
1 22
2 1
2 7
1 3
1 29
2 1
1 2
26 1
1 10
10 1
6 4
1 7
1 51
2 3
1 5
1 10
2 1
1 2
38 1
3 28
1 2
2 11
1 17
1 2
1 4
3 3
3 1
1 3
2 1
2 2
1 2
1 9
1 20
2 5
1 13
9 1
2 1
1 8
2 1
5 1
1 7
2 2
2 3
2 4
36 1
1 3
3 2
1 2
1 3
1 4
1 4
10 1
4 1
1 21
5 1
1 58
1 13
1 13
1 26
5 7
5 3
39 1
2 1
2 3
2 2
1 2
4 1
78 1
1 2
1 3
6 1
2 1
5 1
7 1
1 4
10 1
2 1
1 2
1 3
1 10
1 3
8 1
2 2
3 1
2 1
3 1
1 15
8 1
2 18
11 1
12 1
1 21
1 11
1 3
7 1
24 1
3 8
14 11
1 2
4 5
4 1
1 3
1 7
2 1
6 1
6 3
2 1
1 2
3 1
1 5
2 1
1 2
4 1
8 2
6 2
1 17
19 1
1 4
11 1
1 1
1 4
2 1
2 1
3 1
7 1
7 1
7 1
2 2
1 2
2 1
5 1
6 1
2 4
1 2
3 1
1 6
2 5
1 5
2 5
2 1
1 1
3 1
1 3
2 1
1 34
1 3
1 12
1 2
1 2
2 1
2 1
1 2
2 1
2 1
1 2
1 2
1 8
10 1
5 2
2 3
3 2
8 1
1 2
1 2
3 3
2 1
1 15
1 2
1 6
3 1
2 2
2 3
2 2
1 3
2 1
7 1
16 15
1 6
4 1
88 1
1 90
2 1
8 1
1 19
1 3
1 2
1 4
1 2
2 1
1 2
1 2
1 4
6 1
7 1
2 1
9 4
11 1
1 8
2 4
51 1
1 32
1 29
2 1
2 1
1 2
9 1
1 6
2 1
1 14
1 2
2 1
2 1
1 8
1 10
5 4
1 11
22 1
8 4
1 1
5 1
4 1
1 40
1 2
1 2
1 4
1 62
1 62
1 1
2 1
1 10
1 2
8 2
7 1
1 39
3 4
1 5
1 3
1 3
8 1
9 2
18 7
18 2
40 1
1 22
1 8
28 10
1 6
2 2
4 5
1 3
1 6
10 2
10 5
5 1
1 1
11 1
1 15
1 2
1 28
1 1
3 1
2 1
1 5
3 2
6 1
2 1
8 1
2 2
3 1
2 1
1 8
1 2
6 1
2 1
3 6
1 2
1 2
3 1
10 1
5 1
31 18
1 6
25 1
1 8
1 7
2 12
1 28
1 62
2 1
17 1
4 1
5 3
4 1
4 1
2 1
4 1
4 12
1 2
4 1
14 1
1 2
1 1
2 29
1 2
1 7
2 3
6 1
1 4
11 1
1 2
2 1
17 1
2 2
1 2
1 2
1 2
1 5
1 3
1 2
1 15
1 28
1 12
1 2
3 1
2 6
2 1
7 1
2 1
2 2
1 2
11 1
7 3
11 2
7 5
4 3
1 2
2 1
11 11
11 3
2 3
1 16
3 1
1 2
11 2
2 1
1 2
1 4
2 9
1 4
2 1
16 1
1 1
33 1
1 3
1 3
1 3
1 3
2 2
1 69
6 1
2 1
1 3
5 1
1 2
1 20
2 1
2 1
1 2
2 1
1 3
1 3
1 2
34 29
9 30
13 1
1 4
1 2
1 5
9 1
1 2
1 1
1 2
6 1
2 2
1 4
2 1
1 7
2 8
1 2
4 1
5 2
1 10
1 4
2 3
2 2
1 2
4 1
3 1
75 1
11 6
1 25
9 1
2 1
6 1
42 1
1 2
2 1
1 4
25 6
2 1
1 11
3 1
1 9
1 2
1 3
1 3
5 1
1 12
2 1
1 19
1 1
2 1
2 6
8 1
1 2
2 12
3 1
2 5
1 35
2 1
3 1
3 2
6 16
2 1
2 8
1 22
1 2
1 14
3 5
4 1
1 3
2 1
1 2
3 1
3 15
1 2
3 1
1 3
4 1
2 2
1 2
5 1
1 4
2 1
1 4
16 1
1 2
1 1
3 11
1 8
21 1
2 1
1 2
1 24
13 1
3 1
1 5
7 1
1 3
12 1
75 1
2 1
1 2
1 4
2 1
1 16
1 5
1 10
1 12
6 2
1 3
19 1
5 1
1 12
2 1
3 1
13 47
4 4
1 5
4 1
1 4
1 4
6 1
1 24
5 1
1 8
1 3
1 2
3 2
7 3
1 5
5 1
10 1
2 1
6 3
6 1
2 1
4 1
1 2
1 8
5 57
1 5
1 10
2 1
19 3
13 3
13 1
1 4
2 1
1 8
2 1
1 11
1 10
5 1
1 2
8 1
1 2
2 1
3 1
1 10
1 4
1 4
2 1
1 8
7 12
1 4
1 1
4 1
6 1
3 20
2 1
5 1
1 2
43 1
2 2
2 1
1 1
1 16
2 1
6 1
1 2
2 1
1 21
1 3
6 6
11 1
1 2
6 1
2 1
1 53
2 1
10 1
2 1
1 18
3 1
2 6
9 5
4 1
1 3
7 1
12 1
3 1
13 1
55 1
1 3
1 5
9 1
14 1
1 19
5 19
3 1
11 1
8 1
2 2
3 1
4 8
3 21
1 3
1 2
1 5
1 27
1 3
4 1
2 6
1 3
2 1
1 10
4 1
4 1
1 4
2 1
1 23
3 1
1 8
1 2
2 1
1 4
1 2
1 2
2 4
4 1
1 2
3 1
1 6
1 3
1 5
1 2
1 2
1 2
1 2
6 6
2 1
4 1
1 3
1 3
3 1
4 1
2 1
2 1
1 5
1 4
7 1
4 3
1 55
1 18
1 4
1 3
1 2
2 1
3 1
2 46
4 1
4 1
2 26
5 2
1 15
1 9
3 1
1 20
1 14
2 1
1 3
11 1
1 3
1 2
1 4
1 2
6 1
12 3
3 12
1 3
1 2
5 1
4 7
1 7
1 3
1 2
1 8
10 1
27 1
3 1
7 1
8 2
1 9
1 2
1 4
1 2
1 2
7 1
1 10
1 2
1 11
1 2
1 10
1 2
1 7
19 1
1 2
2 2
1 2
2 1
32 17
3 1
1 4
4 2
6 1
1 1
5 1
1 11
1 5
8 1
1 7
1 6
3 1
2 4
8 1
1 2
1 2
4 3
4 3
2 1
1 8
2 1
2 1
1 2
1 11
3 11
1 2
9 5
1 2
1 5
1 9
1 4
6 1
5 1
4 32
2 11
2 7
5 3
1 3
4 1
1 3
22 1
1 27
1 4
1 4
4 1
1 11
2 1
1 7
2 5
2 2
1 2
1 10
8 1
1 2
1 2
1 3
3 1
1 12
2 1
2 1
1 9
1 3
21 1
2 2
3 1
1 3
3 1
8 1
1 6
2 1
4 1
2 2
2 7
3 1
1 2
1 2
3 14
1 8
2 1
10 1
4 1
3 1
1 1
25 1
4 1
14 4
15 2
2 1
1 7
2 1
2 1
1 14
4 1
3 6
1 8
4 1
5 1
1 3
14 2
6 2
1 2
1 6
1 2
3 6
1 2
2 2
2 1
1 6
1 12
1 8
6 3
7 3
3 1
1 9
15 5
15 3
1 1
11 12
1 2
1 2
1 5
2 5
21 1
1 2
1 8
4 2
154 2
46 1
1 94
1 186
1 3
7 2
16 1
1 3
1 32
8 17
1 2
1 2
2 2
1 2
1 3
2 1
1 17
1 6
1 5
2 1
3 1
17 1
4 2
2 1
1 2
32 1
1 16
1 99
4 3
1 5
1 3
1 1
1 33
1 4
1 124
1 4
2 1
2 1
2 1
1 2
1 10
9 1
2 1
1 1
9 1
1 12
1 3
5 1
4 2
1 1
9 1
3 4
2 4
2 1
5 2
1 11
2 1
1 4
1 3
1 24
2 4
2 1
2 7
1 6
1 4
1 12
1 6
1 10
1 2
2 1
1 3
1 3
1 2
9 1
3 1
2 1
1 2
1 8
3 1
1 10
5 1
2 1
2 1
1 2
1 1
3 1
4 6
5 2
1 77
8 3
1 8
7 11
22 7
14 6
9 1
25 1
1 3
2 1
1 15
2 10
3 2
1 5
2 12
1 20
3 2
1 9
1 6
2 1
2 1
1 28
3 1
2 1
2 1
1 6
1 7
2 1
9 1
2 5
3 1
1 3
1 3
1 3
1 1
1 4
64 1
2 2
1 4
7 3
1 24
2 3
2 4
3 1
6 1
2 1
1 18
1 3
9 1
5 1
1 3
4 5
1 2
32 1
2 1
1 3
2 1
1 22
1 2
1 2
1 3
2 3
5 1
5 1
10 2
1 88
1 5
1 2
1 1
1 5
2 1
3 1
10 3
3 1
5 1
1 2
2 3
7 1
2 1
1 2
4 1
1 2
1 18
2 1
4 2
1 1
21 1
1 3
1 2
1 5
1 3
2 1
8 1
1 32
1 32
1 2
1 6
5 6
11 1
1 36
11 2
1 3
4 1
30 1
28 2
33 6
8 5
7 1
1 9
1 11
1 22
1 12
25 1
1 9
6 1
4 1
7 1
1 2
1 4
2 1
1 2
5 1
2 1
12 1
3 1
2 1
1 7
1 7
1 7
2 1
1 12
4 1
2 1
4 1
4 1
1 5
1 9
5 3
2 2
1 2
6 1
1 5
3 2
1 2
1 1
1 1
1 2
1 2
2 1
1 3
2 2
1 3
2 1
1 1
2 1
7 1
2 1
1 9
1 15
1 13
1 3
5 2
1 19
2 1
1 54
1 16
5 2
2 1
1 24
27 1
6 1
3 1
1 2
14 1
4 1
3 1
1 2
1 3
2 1
26 1
1 2
1 2
1 9
1 9
1 9
2 1
2 1
10 1
4 4
6 1
1 2
2 4
2 1
2 1
3 2
32 3
7 1
1 43
11 1
2 1
12 1
2 1
1 32
1 2
1 1
1 33
2 1
2 1
1 5
8 1
1 2
8 1
1 2
1 3
1 2
1 5
3 9
2 1
9 1
10 1
2 3
3 3
1 5
7 5
3 4
1 2
3 2
2 1
7 23
2 23
1 6
1 3
1 3
1 15
1 3
1 3
2 1
2 3
3 1
1 6
35 1
10 3
1 4
1 3
1 2
2 1
1 4
1 28
1 5
1 4
11 2
1 3
4 2
24 1
1 76
4 1
1 3
2 1
4 1
1 6
1 2
4 1
1 6
1 12
10 1
10 1
6 1
1 3
1 2
1 20
6 1
1 2
19 1
2 1
21 1
15 10
2 1
2 1
1 6
3 1
35 1
7 1
3 2
42 1
1 13
2 2
1 3
1 3
4 1
2 1
2 1
1 5
1 9
2 1
2 1
1 6
1 2
12 1
2 2
1 2
1 3
3 1
1 6
1 10
1 5
1 1
1 4
8 1
8 1
2 1
1 7
1 6
1 4
6 3
1 186
21 1
1 16
1 3
1 4
3 2
12 1
2 3
7 1
3 1
1 2
6 1
3 1
1 4
2 1
3 1
16 2
16 1
2 1
4 2
1 2
1 7
1 2
2 1
6 1
3 2
5 3
2 1
3 1
1 42
1 3
6 1
2 3
7 1
1 4
2 1
2 1
1 2
3 2
2 37
1 8
1 8
1 2
7 1
1 2
2 1
1 1
1 3
1 76
1 3
1 5
1 2
2 1
2 1
1 32
1 2
3 1
15 1
12 6
1 7
1 2
2 1
1 3
73 11
2 1
2 26
1 44
2 16
1 28
1 6
1 6
1 16
1 16
8 1
1 10
1 3
2 23
2 1
1 8
5 2
9 2
2 1
15 1
3 2
1 2
1 2
1 2
1 8
4 1
3 1
2 1
1 1
6 1
7 1
3 2
3 2
7 1
4 1
2 1
1 27
35 1
4 29
4 11
47 1
2 1
45 1
1 9
95 1
4 7
3 1
1 2
2 2
3 11
1 5
1 11
1 3
3 1
5 1
1 2
4 1
4 1
4 1
2 1
1 2
2 1
2 1
5 1
1 2
1 2
30 1
2 1
1 2
1 12
2 1
1 5
5 1
3 30
3 1
2 1
3 3
2 8
1 12
43 1
2 2
1 2
1 45
5 1
5 1
6 1
9 1
1 3
4 1
1 2
6 1
1 6
2 3
1 4
1 54
1 2
1 3
8 1
3 1
1 2
3 1
5 1
15 2
1 3
1 2
4 1
3 5
1 2
1 2
1 3
10 1
7 3
3 2
1 9
3 2
1 8
1 2
1 3
1 35
1 24
1 26
1 5
1 22
2 1
1 2
1 14
1 45
4 1
2 1
3 12
3 2
1 1
3 2
2 1
6 1
1 18
6 1
2 1
7 1
11 2
3 1
1 12
1 3
1 3
3 1
3 3
3 3
1 2
5 3
2 1
1 10
3 1
1 2
5 6
3 1
4 1
1 4
3 1
2 1
5 2
3 2
1 7
1 7
1 50
1 3
2 2
1 2
2 1
1 1
8 1
3 5
2 1
66 1
2 1
4 4
2 1
1 1
4 1
1 21
4 1
3 1
1 3
2 1
8 1
1 2
1 3
1 1
2 1
2 1
28 1
24 1
1 2
1 2
1 3
1 4
142 1
1 48
1 2
1 5
121 1
2 2
1 2
1 4
1 3
1 38
3 1
2 17
7 14
24 1
1 104
2 80
5 1
11 2
1 4
2 1
1 2
1 4
1 68
1 9
2 3
2 4
1 28
1 2
1 8
2 4
2 14
15 1
2 1
2 1
1 26
2 79
2 1
1 4
1 2
2 1
2 2
2 2
1 3
7 1
2 1
3 1
1 17
17 1
2 1
1 2
1 1
1 3
1 5
22 1
2 1
5 1
1 5
1 15
5 1
19 1
2 3
1 2
2 1
1 2
1 2
12 1
1 2
9 1
2 1
1 22
4 1
1 6
4 1
1 2
2 1
2 1
1 3
1 21
2 1
6 32
1 2
6 3
1 8
1 10
1 10
1 3
1 2
20 1
2 1
1 2
5 1
3 1
13 1
2 1
1 5
1 57
1 13
8 1
2 1
1 10
27 1
12 1
4 2
3 1
4 1
1 22
1 1
1 2
1 8
1 2
2 1
2 1
1 18
18 1
1 8
1 20
2 1
7 1
9 7
2 2
1 1
13 1
1 4
1 21
2 1
1 9
1 4
1 2
1 2
3 3
1 2
1 28
4 14
5 1
1 2
2 3
1 1
1 2
1 5
1 6
1 2
4 2
4 2
1 41
26 1
1 2
2 4
1 5
2 1
1 10
5 1
1 13
1 9
5 36
1 1
3 1
2 2
1 6
1 2
1 1
4 1
1 9
1 9
1 2
2 1
1 4
3 1
1 3
1 3
11 1
11 1
3 2
4 2
14 1
1 2
1 20
1 12
1 3
1 7
2 1
2 1
18 1
1 9
1 3
2 1
2 1
2 1
1 38
1 3
1 3
2 4
2 1
1 2
1 19
7 1
1 4
1 11
2 2
35 1
1 3
1 4
1 2
2 1
1 6
1 37
4 1
1 2
3 1
1 4
1 1
1 13
1 2
1 2
1 9
1 2
1 2
1 7
12 2
2 3
7 1
5 1
1 49
1 2
10 1
1 11
3 1
6 2
4 1
9 1
1 41
13 1
1 2
5 3
11 1
1 6
1 2
3 11
1 10
1 2
1 1
6 1
1 11
2 1
1 2
1 8
5 1
1 46
1 2
1 2
5 1
3 13
3 7
1 6
32 1
8 1
1 3
1 3
2 2
3 1
1 1
15 20
13 20
48 1
1 10
1 22
10 2
2 10
2 1
2 2
4 1
4 2
2 1
6 1
2 1
5 1
1 48
2 1
1 4
2 1
1 4
7 1
3 1
9 1
6 1
13 3
1 68
3 1
8 3
1 4
7 1
20 1
1 8
2 1
1 3
4 1
1 50
5 1
1 9
1 12
2 1
1 4
1 1
1 47
1 4
3 1
1 4
2 1
1 2
1 2
1 2
3 12
5 1
1 4
1 2
8 1
29 1
5 1
1 2
1 1
1 31
34 2
1 5
5 1
1 3
1 5
1 5
2 1
3 1
8 1
6 1
1 3
4 3
2 1
7 1
1 37
1 3
2 1
1 1
1 2
1 110
5 14
6 2
3 1
1 53
2 2
2 2
3 2
6 2
1 2
2 1
3 1
1 6
3 1
2 4
2 21
2 1
2 1
2 1
7 8
1 12
1 8
3 1
1 34
2 11
1 11
41 1
3 1
3 2
2 3
1 4
3 3
1 1
42 1
1 4
1 2
5 3
1 3
2 16
2 21
7 1
1 2
5 1
2 8
6 1
10 1
4 5
1 3
1 9
2 6
2 6
7 1
2 1
5 1
1 2
1 76
42 1
2 2
2 2
1 3
1 3
3 1
3 2
5 1
2 1
1 4
2 4
2 3
2 1
1 2
1 4
11 1
8 8
2 1
1 2
4 1
1 59
42 1
1 2
1 12
2 1
3 1
3 1
1 2
1 3
3 1
1 4
1 2
1 12
1 4
1 4
9 1
8 1
1 13
1 33
6 1
6 1
1 2
8 2
1 2
1 3
4 1
1 3
18 1
2 46
1 4
1 7
3 7
3 1
1 2
1 55
1 3
4 1
27 1
1 2
11 1
5 1
6 1
2 1
3 1
3 3
1 2
1 2
5 1
3 1
2 1
1 9
1 15
1 2
1 1
1 2
3 1
1 12
1 63
1 1
4 1
4 1
1 2
9 1
3 1
1 9
7 1
7 1
1 7
2 1
2 1
2 2
2 1
10 1
1 4
5 1
1 4
1 3
1 2
8 2
9 2
1 2
3 3
1 2
2 1
1 37
10 1
2 6
6 1
6 1
18 2
10 2
8 1
26 1
1 5
1 3
23 1
2 22
2 1
1 2
2 2
2 1
1 2
2 2
3 2
1 35
3 1
1 3
1 14
1 16
3 1
1 2
2 1
1 2
4 1
5 1
1 14
2 1
1 2
1 4
9 1
1 2
2 1
4 1
2 8
2 2
1 2
2 1
2 2
1 2
1 1
2 1
21 1
1 4
2 1
7 4
18 2
3 4
20 3
2 1
1 13
1 13
16 1
1 6
2 1
5 1
3 1
1 2
1 2
2 1
6 14
2 4
1 10
1 14
1 13
1 31
1 2
1 2
2 1
2 1
2 1
1 2
1 20
2 1
8 1
2 1
1 2
2 1
2 1
1 4
2 1
1 25
4 1
2 1
2 1
7 1
1 3
2 1
1 2
1 4
1 2
5 6
1 1
1 4
1 3
2 1
1 19
1 20
2 1
4 1
1 3
24 1
3 1
2 5
2 1
13 1
5 1
4 1
4 5
1 2
20 1
2 1
1 8
1 2
1 2
1 2
1 38
8 8
2 7
2 3
1 3
1 4
12 10
2 1
1 6
8 16
2 1
2 2
2 2
2 2
1 2
1 68
2 8
2 1
30 1
1 3
1 2
3 4
5 1
1 3
78 1
1 3
1 2
1 52
1 37
33 1
1 3
1 3
4 1
1 2
1 2
1 2
1 129
2 1
1 7
16 1
2 1
2 2
2 1
2 1
1 4
3 1
4 1
1 53
5 1
5 2
1 24
2 1
2 1
5 1
1 2
1 13
1 2
1 8
2 1
2 24
1 2
1 1
1 4
1 2
15 1
1 2
2 1
4 1
1 1
58 1
2 1
1 215
1 3
1 2
2 1
1 2
1 3
2 1
1 4
1 2
2 1
1 10
3 1
3 2
6 2
1 30
3 1
1 9
3 5
2 1
1 63
1 28
1 41
29 1
1 2
3 2
1 2
3 1
1 6
2 1
1 3
2 4
1 2
2 1
1 1
2 1
5 1
1 3
2 1
1 3
1 7
2 1
6 7
2 1
1 2
4 2
1 9
2 6
2 2
1 2
4 4
1 3
2 1
3 3
1 2
1 51
3 1
1 45
2 1
2 1
1 8
1 37
4 1
1 7
27 1
1 3
1 1
58 1
1 9
1 10
1 2
1 1
6 1
30 1
7 1
4 1
2 1
1 2
2 3
1 2
2 1
5 1
2 1
1 3
23 2
1 2
3 1
1 2
2 1
2 1
1 2
1 2
1 6
2 1
2 1
2 1
2 4
1 4
1 4
4 1
1 2
3 5
1 2
1 32
1 2
2 8
12 1
1 2
2 1
1 3
2 1
22 7
2 2
3 33
1 13
2 1
1 6
2 1
1 11
1 5
2 1
4 12
3 10
3 1
9 1
7 1
2 1
2 1
5 54
5 12
6 1
3 2
1 1
3 11
1 2
4 4
2 1
1 12
8 1
1 149
1 36
1 11
2 1
1 1
2 5
1 2
1 2
1 3
5 1
3 3
50 15
104 13
24 10
80 2
3 2
1 3
2 1
1 6
1 2
1 4
1 21
3 1
1 16
3 2
11 2
1 4
18 1
1 7
3 1
1 2
1 1
1 2
6 2
1 4
2 1
2 1
2 1
1 2
3 1
1 4
2 1
1 3
1 8
1 8
9 1
1 3
1 4
3 4
2 1
2 1
2 2
4 1
8 1
4 2
1 2
2 1
2 3
2 3
1 2
4 1
1 7
2 2
2 3
1 4
1 1
1 2
2 3
1 3
1 4
2 13
1 15
2 1
1 2
1 2
7 15
1 2
2 2
4 2
1 6
2 2
2 1
2 1
10 1
1 1
6 6
3 3
2 3
4 3
1 30
32 2
1 3
14 1
1 12
3 4
8 1
1 11
2 1
1 6
2 1
1 16
1 7
16 1
2 1
1 50
1 2
1 7
1 2
1 8
2 1
2 2
1 3
1 3
3 2
7 1
5 1
1 2
9 1
12 1
2 1
1 2
1 2
1 2
8 1
1 3
1 2
1 12
3 1
1 2
14 2
2 1
3 3
1 7
1 20
1 4
1 21
7 1
1 3
1 7
2 3
6 3
1 31
1 2
11 1
10 2
9 1
1 2
1 2
15 1
2 1
3 1
1 4
2 3
1 1
69 1
2 1
1 19
1 4
5 34
3 1
1 2
3 1
1 3
6 1
6 1
6 1
1 41
2 2
1 4
101 8
29 8
1 8
3 1
1 1
1 14
5 1
1 2
1 6
1 7
1 5
1 3
14 2
1 2
13 1
1 2
2 2
2 1
5 1
2 2
5 3
2 4
1 5
1 3
1 3
1 78
1 7
1 35
1 3
4 1
4 1
1 9
2 9
1 40
1 2
4 1
3 1
9 3
9 7
4 3
1 29
1 4
2 1
6 1
2 1
3 2
3 1
3 1
4 1
1 2
1 1
2 1
1 9
1 3
5 1
15 1
19 1
1 2
1 3
1 66
2 18
1 2
2 4
2 1
2 2
1 67
1 25
11 1
2 9
1 2
8 1
1 10
1 2
2 1
12 9
1 30
3 3
2 3
1 7
1 2
7 1
2 1
1 12
1 6
1 2
2 1
2 1
1 1
1 2
9 1
4 1
1 3
1 11
5 1
2 1
1 16
2 6
2 1
5 5
2 1
8 1
2 3
3 1
2 1
3 21
1 3
6 1
1 4
1 29
1 49
1 49
2 1
2 9
3 1
1 10
2 1
9 1
3 1
1 2
1 2
2 1
1 3
1 2
14 1
14 1
1 34
6 1
2 7
1 7
2 2
12 1
9 1
1 14
1 7
1 10
1 3
5 2
3 1
29 1
4 1
3 1
1 1
3 1
5 3
1 9
2 1
2 1
1 7
1 8
5 1
2 1
18 1
1 3
1 14
1 2
1 3
2 1
1 2
2 1
1 2
1 2
1 2
1 2
1 3
1 6
2 1
1 4
12 1
1 1
2 1
1 20
2 1
1 7
15 1
5 1
2 1
3 21
1 9
4 1
1 4
1 13
2 1
1 2
1 2
4 1
1 2
1 38
1 3
1 9
3 1
1 1
1 5
1 32
6 1
6 1
4 1
14 1
2 4
2 1
2 1
12 1
6 1
1 3
2 1
2 9
1 9
1 21
1 2
1 8
1 15
4 1
4 1
5 1
8 1
1 3
2 1
1 19
2 1
2 1
1 5
4 3
1 2
1 22
2 1
4 1
2 1
68 1
3 7
2 4
2 1
2 1
3 1
40 190
13 190
1 16
2 1
51 1
1 1
3 3
17 1
1 3
17 1
1 2
1 3
1 10
1 10
4 1
1 2
1 2
2 1
2 1
1 5
7 1
1 2
1 8
1 40
1 2
1 2
1 12
1 6
2 1
1 2
1 2
1 2
1 2
1 3
1 2
1 30
4 1
1 13
4 1
1 6
1 6
1 21
17 1
75 1
3 1
1 2
1 20
1 2
1 9
172 1
1 11
1 2
1 4
1 2
11 1
11 1
1 2
2 2
2 1
25 1
2 1
1 7
1 2
1 8
6 9
3 1
1 3
6 1
9 1
3 2
2 1
1 3
2 14
4 1
21 1
1 3
1 3
4 1
1 2
1 13
1 2
3 10
5 7
7 1
4 3
3 1
2 1
1 11
1 42
3 1
9 1
1 3
2 1
1 2
2 1
3 4
1 22
10 3
4 1
1 2
1 13
8 1
2 4
2 1
3 1
1 9
1 2
2 1
1 2
4 1
4 2
1 2
43 18
3 4
1 9
3 1
12 1
1 5
2 1
1 2
1 2
1 3
2 1
1 2
1 1
1 2
5 1
14 1
1 3
1 2
9 2
7 2
4 5
2 1
1 16
3 6
1 6
1 2
1 2
1 2
1 2
1 3
3 3
1 3
3 1
13 1
2 1
1 10
4 1
2 1
1 2
1 9
2 3
1 9
2 1
1 2
4 1
2 2
2 1
1 2
9 1
1 5
2 1
1 1
2 1
2 1
20 1
2 1
1 3
2 1
1 71
1 6
1 2
1 32
2 1
3 1
1 3
6 1
4 3
1 5
1 4
9 4
2 24
2 12
24 1
2 1
1 2
2 12
1 12
17 2
1 8
1 5
3 1
1 5
1 7
1 30
39 1
2 2
1 2
43 1
1 4
1 5
3 1
5 1
1 10
3 2
1 4
2 1
1 23
2 1
10 1
2 1
6 1
3 1
4 2
1 2
3 1
6 1
1 39
1 6
10 1
2 1
9 1
2 1
1 12
4 1
4 1
1 2
1 59
3 7
2 1
1 2
3 1
1 2
3 1
2 1
4 1
27 1
1 16
2 1
3 1
2 1
2 15
5 1
1 2
1 1
5 1
1 4
1 2
2 2
4 1
2 1
3 1
2 1
1 6
1 2
2 6
2 2
1 1
1 8
10 5
1 2
9 1
1 3
1 2
1 7
1 2
1 15
1 13
1 2
1 2
2 16
5 2
1 6
1 6
1 31
1 10
1 2
6 1
4 1
2 2
7 1
1 9
1 2
1 2
1 10
1 2
2 1
4 1
7 1
1 2
2 1
1 18
1 18
2 1
3 1
2 5
1 2
1 2
23 1
2 1
2 4
2 8
1 26
5 2
1 6
5 1
1 1
1 4
4 1
4 1
1 6
1 3
3 7
1 3
1 4
1 23
1 2
1 2
8 1
2 1
1 2
2 1
6 1
1 2
2 4
1 1
1 3
1 1
2 1
18 9
2 1
14 1
8 6
4 3
1 1
2 1
2 1
1 26
1 2
2 3
52 1
1 21
1 3
2 16
2 10
1 28
3 22
1 6
1 2
1 1
1 2
1 4
2 6
1 8
1 6
1 2
1 5
1 5
2 1
1 13
7 1
2 1
1 4
1 2
1 2
7 2
1 2
1 7
1 7
3 1
6 1
1 2
2 2
15 8
6 8
5 1
3 1
1 3
2 8
5 1
1 4
3 1
5 1
5 1
1 2
1 49
2 14
20 1
4 1
1 2
1 2
114 6
4 1
3 2
1 1
10 1
10 1
1 2
2 1
4 1
104 1
1 2
2 17
2 5
1 2
1 13
4 1
2 1
1 2
1 2
1 1
3 1
3 5
11 1
1 3
1 2
1 4
1 8
2 2
2 1
3 1
1 2
1 2
1 2
2 1
1 1
1 6
2 3
1 3
2 1
1 3
1 26
1 5
1 2
1 3
1 3
1 5
1 78
2 2
2 1
2 9
2 12
2 1
1 17
2 1
1 2
1 2
1 2
1 10
39 1
1 2
1 63
1 63
1 35
1 10
4 1
3 1
1 2
1 19
1 3
1 1
2 1
2 3
20 1
1 2
7 1
2 1
1 3
3 1
1 1
1 9
1 15
22 1
9 1
9 1
5 1
46 1
1 7
2 1
2 1
1 2
1 36
8 1
4 1
4 1
2 2
3 5
1 2
1 10
6 1
1 2
4 3
18 1
1 2
1 2
5 1
1 8
1 2
1 2
2 2
4 1
21 1
3 2
2 2
1 3
1 18
2 8
3 1
1 2
1 2
1 3
1 2
1 211
2 1
2 8
2 1
7 1
15 2
3 1
6 1
2 1
1 9
1 2
1 2
1 13
4 1
7 1
6 3
25 25
102 25
2 1
4 1
2 1
2 1
3 1
6 1
1 7
4 1
3 1
1 2
1 2
1 2
1 20
7 1
3 1
4 1
1 6
36 1
2 1
1 2
1 35
1 4
1 3
2 1
4 1
1 1
1 8
4 1
2 1
1 2
1 2
17 5
12 1
1 9
4 2
1 2
1 3
4 1
2 3
3 3
1 1
1 8
1 2
5 1
5 1
1 6
8 1
8 1
1 7
2 1
1 2
3 1
9 1
1 3
4 1
2 1
1 2
1 3
1 2
5 1
3 15
2 2
2 1
1 2
2 1
4 1
1 12
1 3
3 1
1 2
1 1
1 2
5 1
4 2
16 1
9 1
1 2
2 1
2 1
3 1
2 1
3 1
1 2
1 4
2 1
2 1
1 2
1 17
2 14
1 7
2 4
1 3
5 2
5 1
1 2
3 1
1 14
1 4
6 1
5 4
1 2
36 1
3 1
1 2
1 12
3 1
3 2
2 1
1 9
7 4
1 37
1 2
1 2
2 1
1 4
3 1
1 15
2 9
5 4
6 1
2 1
1 3
2 1
1 17
3 2
1 12
2 1
2 1
1 2
1 4
5 1
8 1
1 5
6 1
5 1
1 6
11 1
1 19
2 8
3 7
1 8
1 1
1 2
2 1
2 1
6 1
6 4
2 1
2 2
3 1
3 1
2 1
1 18
1 9
1 34
1 2
2 1
2 1
3 1
1 3
2 1
1 9
4 1
2 1
2 1
2 1
2 1
1 2
2 1
2 1
12 1
11 1
1 2
6 1
3 1
2 1
1 3
1 14
1 3
2 1
1 2
16 4
16 8
7 1
2 1
35 1
1 27
1 8
1 6
35 1
2 7
1 5
1 8
4 1
2 5
3 1
17 1
17 1
1 2
3 1
21 1
3 1
1 2
1 3
3 1
6 1
6 1
17 1
1 3
3 3
8 1
2 1
2 1
2 2
2 1
5 1
10 1
1 1
1 15
7 1
1 3
3 1
1 4
1 4
4 1
2 1
1 4
5 1
1 2
1 3
4 1
8 9
3 8
2 3
9 2
1 1
1 2
2 1
2 10
3 1
7 1
4 1
1 5
2 1
1 4
1 7
1 13
5 2
6 2
1 12
1 2
11 1
1 2
3 6
3 13
2 1
1 5
1 5
1 19
1 19
2 1
1 3
1 3
12 1
1 7
2 1
4 2
2 2
13 1
1 4
8 2
1 2
1 30
4 1
1 3
2 3
1 2
68 1
1 12
2 14
9 1
5 1
1 12
2 1
2 11
2 11
1 2
5 1
3 1
1 7
2 1
2 1
8 3
8 1
3 1
1 2
1 3
2 1
2 48
1 48
3 1
1 2
1 6
1 4
1 2
1 3
1 3
1 3
1 2
2 1
3 1
10 3
9 4
1 2
5 1
5 2
4 6
8 1
4 2
35 1
2 1
1 3
2 2
2 1
3 1
1 3
37 1
5 1
1 2
1 17
1 17
1 25
1 4
12 1
32 1
32 1
8 3
8 1
2 1
1 2
3 2
2 1
1 10
1 8
2 1
1 2
1 4
6 1
1 3
1 10
2 2
1 20
4 1
1 2
1 21
1 4
1 2
2 1
2 1
1 3
1 86
1 2
1 4
2 2
16 1
16 6
4 1
1 3
1 7
1 2
1 4
8 1
2 6
6 2
2 1
1 12
1 12
5 1
1 24
2 1
1 5
1 10
38 1
3 1
1 3
17 1
17 1
12 4
3 16
1 8
1 1
4 11
1 2
1 3
1 3
1 4
1 4
1 3
13 1
1 2
4 1
4 1
1 7
1 3
1 3
1 1
1 2
2 2
2 1
3 1
1 2
2 1
2 1
1 1
6 1
2 1
1 3
2 1
2 1
1 2
1 109
3 9
2 1
2 2
5 1
1 2
1 2
4 3
2 4
4 2
1 6
6 1
1 9
1 1
1 14
1 4
2 1
1 23
1 8
2 3
2 1
2 1
3 1
1 2
2 1
36 1
2 1
1 3
1 24
1 4
1 8
4 4
1 4
1 1
5 1
1 2
1 2
3 1
1 3
5 1
2 1
1 8
5 1
1 2
9 1
1 6
1 44
4 1
2 2
1 6
8 1
2 1
7 1
1 3
3 1
1 2
2 3
2 1
1 3
112 1
3 1
1 49
1 3
5 1
3 1
2 1
2 3
1 2
1 3
6 1
3 1
7 1
16 1
1 15
1 4
1 6
3 1
1 16
1 2
1 10
1 5
2 2
1 6
1 2
1 12
13 1
11 1
1 10
27 1
38 1
4 1
2 1
3 1
3 1
3 28
1 28
1 3
1 3
1 2
1 3
1 10
2 1
1 37
1 1
1 14
1 1
2 1
1 46
1 2
1 3
1 7
2 1
1 2
1 5
1 14
3 2
2 4
4 1
62 1
62 1
1 2
1 2
1 1
2 1
5 1
1 2
3 1
2 3
2 1
3 2
7 1
1 10
1 10
1 2
2 1
1 16
11 1
2 1
3 5
1 5
1 20
1 20
1 8
1 8
1 17
1 7
13 1
10 2
10 2
1 2
1 2
1 2
1 2
5 1
2 1
1 2
3 26
5 1
1 2
2 1
1 32
1 7
1 7
1 4
1 2
1 20
2 1
1 28
2 1
1 10
7 1
1 2
2 2
1 2
1 2
1 2
1 2
5 1
4 1
35 1
2 7
5 1
1 3
2 2
1 2
2 1
1 4
1 4
1 10
7 1
3 1
3 2
14 1
14 1
12 1
3 1
1 8
2 2
2 1
3 1
1 14
2 1
1 2
2 1
1 2
8 1
1 12
1 2
3 1
1 5
1 2
9 1
45 1
4 1
3 1
2 2
8 1
3 1
2 1
6 1
1 2
5 1
5 2
1 3
3 1
1 8
1 10
4 1
1 2
3 1
1 7
1 2
1 1
1 2
2 1
2 1
2 2
8 1
2 65
2 15
3 1
1 8
3 7
59 1
1 20
1 12
1 1
1 2
4 1
3 1
1 8
1 32
4 1
1 2
1 3
1 5
9 23
3 23
1 6
10 1
1 3
1 3
1 3
3 1
2 1
1 21
2 21
24 1
12 1
5 1
2 190
11 190
3 1
14 6
10 6
2 1
2 1
1 2
7 1
7 1
1 2
1 9
1 20
14 1
7 1
1 2
7 1
1 3
2 4
1 2
8 1
1 3
1 3
1 4
1 6
1 3
1 34
1 3
8 4
1 2
2 1
2 1
2 1
1 3
1 2
2 1
2 1
1 2
1 31
1 12
1 4
1 3
1 2
6 1
1 15
3 1
35 1
1 2
22 1
1 6
2 1
2 7
1 7
2 1
1 3
1 2
9 1
1 14
1 2
1 2
5 1
1 3
1 17
2 1
1 11
1 11
3 1
5 4
1 7
15 1
14 1
1 2
1 2
7 1
2 1
2 1
2 1
1 15
2 1
3 3
1 5
5 1
1 7
1 1
1 23
2 1
5 1
6 1
11 1
4 1
5 1
1 28
1 46
1 6
20 1
1 2
2 1
3 1
1 6
3 1
1 4
6 1
14 1
2 36
1 8
2 1
1 7
6 1
1 6
2 12
11 1
2 1
1 4
1 12
1 1
20 1
1 14
3 14
3 15
13 1
4 1
1 1
1 2
1 2
1 4
1 2
4 1
1 2
2 1
1 7
1 68
39 1
1 3
2 1
1 3
1 21
1 26
3 26
1 2
4 1
2 1
4 1
1 2
1 1
1 5
1 11
2 1
3 1
2 1
1 4
1 34
4 1
1 12
2 24
1 2
4 1
38 1
4 1
15 1
2 1
1 2
1 2
1 16
14 1
1 3
2 4
4 4
1 2
5 2
4 2
14 1
1 2
1 17
1 4
1 2
308 87
2 1
2 1
5 1
5 1
2 3
2 12
1 2
1 5
2 5
1 120
1 12
1 20
2 1
1 5
2 1
2 1
2 1
1 2
3 1
3 1
4 1
2 2
2 8
18 1
1 10
1 8
5 3
5 1
3 1
3 1
4 1
1 7
4 1
6 1
1 2
1 2
2 1
1 1
1 2
13 1
2 1
14 1
1 2
1 4
2 1
1 9
1 1
4 1
16 1
1 4
1 2
19 1
4 1
1 26
1 2
17 1
3 2
16 1
1 4
23 1
1 2
2 1
2 1
1 6
1 4
7 1
1 2
1 2
4 1
3 1
25 1
1 70
78 12
2 12
1 6
1 2
3 1
1 2
1 5
1 2
1 3
2 1
1 2
1 2
27 1
1 3
4 1
1 2
1 11
1 18
14 1
3 1
1 27
3 1
1 3
1 7
3 1
2 1
2 2
1 1
1 2
1 9
3 1
2 1
1 5
20 1
1 2
2 1
1 5
3 5
1 12
1 2
1 3
1 3
1 3
1 7
3 1
10 1
1 2
38 1
9 1
1 2
1 6
1 2
3 1
4 2
4 1
1 2
2 1
1 2
2 15
1 210
1 12
2 9
1 9
1 3
5 1
1 2
1 20
1 19
1 12
2 5
2 2
3 2
1 2
1 4
3 1
6 1
2 3
2 3
1 4
1 53
1 3
2 1
4 1
2 1
7 9
1 6
1 11
1 2
1 9
1 8
1 3
3 3
2 4
1 14
2 17
1 27
1 44
3 1
5 1
2 1
1 8
4 1
3 1
1 2
2 2
1 1
2 5
2 3
13 1
1 14
2 1
1 54
3 2
1 6
7 1
2 2
2 1
18 1
1 13
4 1
1 2
1 10
1 5
1 2
1 3
3 1
2 1
2 1
1 2
1 37
28 1
1 2
1 4
1 1
2 1
1 12
22 1
1 15
4 14
4 1
3 3
1 16
1 1
1 8
1 2
2 1
3 1
3 1
1 2
2 1
1 2
1 27
2 1
2 1
13 1
1 2
2 1
1 4
1 14
1 3
1 3
3 2
2 1
2 1
1 18
2 11
1 8
2 1
1 7
2 1
1 4
2 1
3 1
2 1
2 1
1 13
4 1
5 1
3 1
4 1
4 3
4 3
1 2
48 1
1 5
1 18
1 18
2 2
1 2
1 1
6 4
2 4
2 1
1 2
3 4
2 1
1 1
2 1
2 2
1 10
4 1
1 4
1 31
1 4
1 2
1 2
1 2
3 1
3 1
3 1
2 1
2 1
1 2
3 5
31 1
1 3
1 2
13 1
10 1
2 2
2 5
3 1
2 1
2 1
1 21
4 4
3 1
9 1
2 2
2 1
1 19
1 93
1 79
1 31
2 1
7 1
7 2
13 2
1 3
1 33
38 1
3 1
3 1
1 5
1 3
1 2
11 1
1 2
1 9
1 42
6 1
2 12
8 2
2 1
2 1
1 4
1 1
1 4
3 1
1 2
1 4
3 3
1 3
1 3
1 2
2 3
1 1
1 7
2 1
24 1
10 1
1 4
4 1
4 1
2 2
1 2
2 1
2 4
2 4
1 2
13 1
1 2
13 38
2 1
30 1
2 78
2 25
3 1
9 1
2 1
2 1
2 1
1 2
1 8
3 1
1 2
1 5
2 1
1 3
3 1
1 5
2 1
33 11
10 12
9 1
3 8
1 2
10 7
3 1
13 1
1 2
6 1
6 1
11 1
2 1
2 1
3 1
2 1
2 1
19 1
13 1
3 19
4 4
4 1
1 15
1 4
1 38
5 1
2 2
2 1
1 7
1 3
21 1
3 1
1 1
1 1
16 1
4 1
1 4
1 7
3 7
1 3
1 79
1 7
1 11
1 7
1 4
2 1
1 3
11 1
1 2
1 2
13 1
3 1
3 1
2 1
6 1
1 4
1 4
5 1
2 1
33 1
58 38
24 38
52 1
1 2
2 125
2 65
1 16
1 2
1 5
1 4
2 1
1 10
1 5
4 1
1 45
1 2
2 1
2 1
1 3
2 1
2 1
1 13
1 13
1 15
4 3
1 7
2 1
1 4
1 3
1 1
2 3
2 7
2 1
1 46
3 1
14 1
5 1
3 1
4 42
3 1
11 1
4 1
1 9
2 1
2 1
4 13
4 1
6 1
2 1
1 5
1 1
2 20
2 1
5 1
2 4
2 2
1 2
1 1
1 3
2 1
1 2
3 1
3 1
1 5
2 1
2 3
5 1
2 1
1 2
6 3
5 3
4 1
1 3
5 1
5 1
2 1
2 1
21 1
1 21
1 21
5 1
1 4
43 1
4 1
1 8
2 10
2 1
1 2
1 16
1 15
5 1
4 1
3 1
2 1
1 4
1 2
1 2
1 8
1 1
1 3
6 1
1 5
1 2
1 2
6 1
1 7
1 3
1 5
1 8
1 49
1 23
1 31
2 1
11 1
3 1
1 33
1 165
6 1
6 1
1 6
1 13
3 2
3 1
1 2
3 1
15 1
2 1
1 32
14 1
1 2
1 24
2 1
1 2
8 1
4 1
3 1
2 5
4 1
4 1
1 2
1 2
1 11
1 3
1 3
1 3
1 3
1 4
2 1
2 1
2 1
1 8
1 8
1 1
7 1
2 3
1 5
1 2
1 2
1 11
2 1
1 2
2 1
4 1
1 3
1 6
1 3
4 1
1 3
15 29
3 29
1 8
19 1
1 2
1 2
1 5
3 1
1 6
3 1
1 5
7 10
5 3
2 3
2 2
3 1
1 1
1 4
1 1
1 8
3 1
18 1
1 5
11 2
1 2
1 15
1 6
4 41
1 3
2 2
1 1
1 6
1 2
2 2
1 3
1 17
1 1
8 1
8 2
1 7
20 1
2 7
1 6
7 1
3 1
1 2
6 1
8 1
3 1
9 1
1 4
1 3
1 4
10 2
7 1
2 1
2 2
2 2
3 1
6 1
1 2
1 4
6 2
6 1
1 2
2 1
1 24
1 2
1 3
6 3
3 1
1 3
2 1
4 1
2 1
1 7
1 2
1 2
1 15
1 4
4 1
4 1
1 2
1 1
1 2
9 1
4 1
1 4
5 1
6 1
8 1
8 1
2 1
1 3
4 1
2 2
1 7
1 12
2 1
1 22
2 1
1 24
6 1
3 2
3 1
2 1
1 4
1 2
2 2
1 2
3 2
1 2
2 2
2 2
3 1
14 1
1 3
30 1
3 2
8 1
25 2
5 1
2 1
2 1
1 15
2 1
1 18
16 1
1 4
2 1
4 1
1 70
1 2
1 2
17 1
16 1
10 1
1 15
1 3
13 1
1 18
3 2
32 1
17 1
2 1
11 1
13 1
1 16
3 1
1 2
1 2
2 1
3 1
21 1
21 1
1 9
1 2
1 59
1 2
1 94
4 1
4 1
2 1
1 3
1 2
1 15
3 1
1 7
43 1
1 2
8 1
3 1
1 1
1 2
1 5
1 5
1 2
3 1
23 1
2 2
1 2
1 5
6 1
114 1
114 1
1 3
1 2
2 1
2 1
1 2
1 2
1 4
1 3
1 15
43 1
5 1
1 2
2 1
2 1
1 46
1 4
1 1
7 1
1 7
7 1
4 1
1 2
1 1
4 1
1 3
1 4
3 2
1 1
2 1
2 1
1 6
1 1
22 1
2 1
38 1
1 105
6 2
3 2
1 18
2 18
8 1
1 7
1 10
1 2
1 10
1 10
4 1
2 2
2 4
1 3
2 1
1 2
1 1
1 2
15 6
5 5
18 1
3 1
1 4
1 4
6 1
1 7
7 1
2 1
2 1
2 1
2 1
3 1
1 3
1 9
2 5
2 5
2 1
1 7
3 1
1 3
8 1
7 1
3 1
2 1
1 2
10 12
10 3
6 2
14 3
3 2
1 6
1 17
3 1
1 6
1 6
11 6
2 8
4 6
2 2
1 23
6 1
2 1
3 4
3 3
10 1
9 1
1 2
1 2
2 15
2 10
1 8
3 1
1 3
1 3
2 1
2 1
12 1
1 7
3 1
1 5
4 2
1 2
1 13
1 5
3 1
1 1
1 3
1 3
1 2
1 2
1 1
11 1
6 1
2 1
1 13
14 1
1 3
14 2
14 4
4 1
2 7
3 7
38 1
1 8
1 2
1 5
1 1
2 1
1 5
7 1
1 2
24 1
1 3
1 15
1 15
1 2
1 4
2 1
1 3
1 2
14 1
1 3
2 2
2 2
5 1
1 9
2 4
2 24
2 1
1 4
1 5
2 1
1 20
3 1
21 1
1 8
3 1
1 2
1 3
2 2
2 1
1 2
2 5
18 5
1 9
22 1
2 1
2 1
1 2
3 1
2 1
6 1
35 1
4 1
2 1
5 4
1 3
6 1
1 2
8 1
1 2
1 7
9 19
3 19
3 1
3 1
5 1
14 1
3 1
3 3
1 2
1 2
5 1
5 1
6 4
9 1
9 2
1 2
1 2
1 2
2 1
14 2
1 2
1 19
2 1
2 1
8 3
8 1
1 14
3 1
3 1
4 1
6 1
1 10
1 28
1 3
2 1
1 2
2 1
2 2
1 3
1 2
1 1
2 2
3 1
3 1
5 1
5 1
2 1
2 1
1 5
1 11
1 12
4 1
1 8
1 3
1 5
1 2
1 12
2 1
2 1
1 5
1 2
1 25
1 2
1 2
1 2
1 1
1 12
2 1
1 2
4 1
1 10
1 4
2 2
1 5
88 6
1 4
1 3
1 2
2 1
17 1
3 1
2 1
2 1
2 7
2 8
1 2
1 1
1 7
2 1
8 1
2 1
1 14
1 2
8 1
1 23
1 1
38 1
1 2
42 1
42 1
2 1
1 2
2 1
1 7
2 6
1 1
1 6
3 1
2 1
2 1
1 4
1 6
3 1
3 1
3 1
1 2
89 1
2 1
1 8
3 1
2 1
1 4
1 3
1 2
3 1
1 3
2 1
1 3
1 3
2 1
2 1
2 1
1 2
26 1
3 1
3 1
1 2
7 1
2 1
2 1
3 1
4 1
4 1
2 1
2 1
20 1
2 1
1 4
1 4
3 3
3 1
2 1
1 1
3 1
2 1
2 1
2 1
2 1
2 1
2 1
1 3
1 3
1 4
1 83
2 1
2 1
3 1
1 6
1 1
5 1
2 1
1 1
10 2
10 1
2 1
2 1
1 12
1 2
1 2
4 1
1 2
2 1
2 1
3 1
2 1
4 1
4 1
1 3
2 2
1 3
1 1
3 2
9 1
2 1
2 1
2 1
2 1
1 10
2 1
1 6
10 1
3 1
1 7
1 2
1 2
3 1
1 9
1 9
1 2
3 1
1 10
64 1
1 2
1 3
172 1
2 31
2 43
3 8
1 12
6 1
3 3
3 1
18 1
2 1
1 4
1 5
1 2
3 5
1 3
1 7
1 2
1 2
2 1
77 122
4 190
3 190
6 1
2 1
3 1
1 51
5 1
2 1
1 8
2 9
1 1
1 4
3 1
1 8
15 1
4 1
6 1
1 3
1 3
1 2
1 9
1 2
1 2
2 1
2 1
5 1
1 14
2 1
1 2
1 7
4 1
4 1
3 4
3 1
3 16
2 16
1 7
1 10
1 14
1 4
1 2
4 1
11 1
1 2
1 13
2 8
1 1
1 2
1 21
1 2
3 1
11 3
7 1
7 1
1 40
1 40
2 1
2 1
1 2
1 1
1 72
1 7
1 5
4 1
4 2
1 216
1 27
1 26
1 10
2 1
1 2
1 2
2 1
14 1
1 2
1 5
1 5
1 27
1 2
1 2
1 5
3 1
2 1
1 3
1 14
1 4
1 4
6 1
44 1
1 2
1 3
1 4
1 4
2 1
1 5
2 1
1 28
1 110
1 2
3 1
1 15
1 80
2 80
4 1
1 8
2 1
5 1
3 1
1 4
1 7
2 7
1 71
1 71
4 1
1 12
1 2
1 28
2 1
2 1
1 35
2 1
1 2
2 1
9 1
1 8
1 12
9 1
5 55
12 1
1 7
1 2
1 6
3 1
1 2
1 6
1 4
3 1
5 1
1 6
1 2
1 2
2 1
1 1
1 13
1 3
97 1
3 1
3 1
11 1
7 4
7 3
1 1
1 38
14 1
1 8
3 2
17 2
1 3
1 3
4 1
1 19
3 1
2 1
2 1
2 1
1 41
1 41
10 1
5 1
9 1
2 1
2 2
6 1
3 1
2 1
1 2
12 1
2 1
10 1
2 1
69 1
1 2
73 1
14 1
1 13
6 1
2 1
6 2
3 1
2 2
7 1
2 2
5 2
1 5
2 1
9 1
1 10
1 4
1 7
1 6
1 6
7 1
1 3
4 1
1 2
3 3
1 25
8 1
21 1
36 1
1 1
1 3
3 1
3 1
27 1
1 11
2 1
2 1
2 1
31 1
4 1
1 1
1 2
4 2
1 4
1 2
3 2
3 2
5 2
1 2
1 1
2 2
2 3
1 2
2 3
2 7
1 71
1 3
1 2
6 1
3 1
1 2
2 1
2 1
3 1
1 8
5 1
2 2
2 5
11 1
3 1
2 1
5 1
3 1
1 6
2 1
2 1
12 1
12 1
1 2
3 21
2 21
1 3
1 3
1 2
2 12
1 2
1 2
1 3
32 1
2 1
2 3
1 46
21 1
46 1
13 1
1 9
3 1
3 1
21 1
68 1
1 1
1 2
1 2
1 2
11 1
1 2
6 1
4 1
3 1
1 3
1 1
1 2
2 1
1 1
1 8
1 2
1 6
1 8
1 15
1 2
1 2
14 1
1 1
2 1
5 1
1 4
2 2
1 3
2 1
1 2
1 22
2 1
1 2
15 1
4 1
1 2
2 2
1 31
5 1
2 1
2 1
1 3
2 1
1 2
5 1
2 1
4 1
1 4
5 1
1 3
3 1
1 54
2 4
2 12
1 3
1 3
5 1
5 1
1 3
1 21
1 21
1 7
5 1
1 2
1 2
2 10
1 10
4 1
2 1
3 1
14 1
1 3
1 8
2 1
10 1
1 3
46 1
1 6
1 6
5 1
5 3
3 1
21 1
1 2
1 2
2 1
2 1
3 1
1 2
2 1
3 2
1 2
1 7
1 3
1 6
1 17
42 1
1 2
1 2
2 1
1 6
2 1
6 1
2 1
36 1
2 1
1 3
1 6
3 1
1 6
1 2
8 1
1 16
4 1
2 1
6 4
6 2
4 4
2 2
6 3
6 6
1 5
1 12
1 2
2 1
2 2
7 2
7 9
2 1
2 1
2 2
1 4
1 4
11 1
1 12
4 1
6 1
1 190
2 1
3 1
18 1
1 5
1 2
1 2
1 3
5 1
4 1
1 18
1 38
5 1
1 186
2 1
1 2
1 7
1 8
11 2
3 2
1 1
6 1
6 1
4 1
1 21
1 5
1 5
14 1
1 1
1 2
1 2
1 2
2 1
1 1
9 1
1 2
1 5
2 1
4 2
4 1
1 67
7 1
1 2
1 3
1 6
2 1
3 1
1 6
2 1
1 13
4 1
1 6
1 29
1 6
1 6
1 3
8 1
1 3
1 2
11 1
11 3
6 4
2 4
2 1
3 1
2 1
3 1
2 19
3 15
1 10
2 4
13 1
1 34
1 2
1 5
1 2
2 1
1 8
6 1
15 1
3 1
1 4
9 1
1 2
1 5
1 67
2 3
3 1
2 3
1 2
5 1
1 20
1 4
2 1
36 1
1 5
1 2
4 1
4 1
1 1
3 2
1 2
3 5
3 1
5 3
2 4
3 1
4 2
1 1
1 2
4 1
2 1
5 1
2 1
4 1
1 3
2 1
3 1
1 9
1 2
1 88
1 3
1 9
5 1
5 1
1 3
3 1
2 2
3 1
2 2
1 1
1 10
1 6
2 1
2 1
3 1
1 2
14 1
4 1
8 2
1 2
1 4
1 4
2 1
1 7
1 17
3 1
3 1
19 1
2 1
5 1
7 1
7 2
2 2
7 1
53 1
22 1
5 1
1 3
1 2
4 1
1 9
1 2
3 1
3 1
1 8
2 5
2 4
1 4
1 5
1 3
1 5
1 5
15 1
1 210
2 1
2 2
1 3
1 4
1 9
1 2
11 2
11 2
1 1
1 2
2 2
1 3
1 1
1 2
1 3
1 9
1 4
2 1
1 2
1 2
1 2
2 1
2 1
2 1
1 2
1 2
1 4
4 1
2 2
2 1
2 1
1 2
1 10
1 1
1 3
4 2
1 2
8 1
8 2
2 4
1 3
16 1
6 1
8 1
1 4
1 2
1 4
5 3
8 3
8 1
9 1
4 1
2 1
1 2
4 1
4 1
1 3
3 1
3 1
1 5
1 4
1 7
3 1
2 1
1 90
3 5
1 6
2 2
1 1
1 1
6 1
1 5
1 3
7 1
1 2
1 5
9 1
2 1
1 1
5 1
1 5
10 1
4 1
1 154
6 1
1 4
1 1
5 1
8 1
6 1
1 2
1 2
1 24
8 1
4 2
1 2
1 10
2 1
4 1
10 1
11 1
1 12
2 1
10 1
2 1
1 7
2 1
3 1
1 8
1 16
3 1
3 1
1 24
1 2
1 1
2 1
7 3
4 1
1 58
20 1
3 1
73 1
1 3
1 3
1 2
1 3
2 1
4 1
9 1
1 2
5 1
5 9
6 4
6 4
1 5
21 1
2 1
1 6
1 6
3 1
8 1
3 1
1 2
1 6
1 4
4 1
1 50
1 9
1 14
3 1
2 1
1 8
1 2
1 1
1 2
2 1
2 1
1 47
172 1
16 8
1 8
1 3
1 2
1 6
9 1
1 30
5 1
11 1
1 2
1 3
2 1
4 1
4 1
1 21
7 1
1 2
1 2
2 1
1 2
1 12
1 28
2 3
2 2
1 20
1 2
1 13
2 1
2 1
7 6
7 5
16 1
1 8
8 1
8 1
2 1
8 1
8 6
1 3
1 2
1 30
2 1
1 2
2 1
2 1
1 2
1 6
2 1
6 1
2 1
3 1
1 5
1 2
2 1
1 3
1 3
3 3
31 1
31 1
1 2
1 22
3 22
1 2
1 2
12 1
1 3
1 4
2 1
2 1
1 14
1 19
1 2
2 63
1 63
23 1
1 12
3 2
3 2
5 1
5 1
4 1
1 2
6 1
1 1
1 142
1 2
1 20
1 1
3 1
2 3
2 2
1 2
3 1
1 2
2 1
1 9
1 9
3 21
1 6
6 1
1 10
1 12
1 5
2 10
5 1
3 1
1 3
1 2
7 1
1 2
3 1
5 2
2 1
1 3
4 1
3 17
1 17
1 4
1 4
8 1
2 1
1 2
1 2
5 1
5 1
1 2
3 1
3 1
1 2
3 1
3 1
2 3
1 8
1 17
3 1
1 10
6 1
1 5
1 4
6 1
1 2
1 3
1 13
3 1
1 3
4 1
2 1
15 1
5 1
7 1
5 2
5 13
1 2
1 5
2 1
1 1
1 14
1 3
2 2
4 1
1 46
1 10
1 6
2 1
2 1
2 2
1 4
1 4
1 9
2 1
3 1
5 1
1 2
2 1
8 1
2 1
1 70
1 2
2 2
1 2
3 1
1 12
8 1
1 5
1 5
13 1
1 5
1 19
1 2
2 14
2 44
1 2
1 3
1 4
1 2
1 2
1 2
1 8
1 3
2 1
1 3
2 2
1 4
1 2
3 1
1 3
2 14
2 12
13 1
1 5
2 1
2 9
2 1
1 7
1 6
5 1
1 5
1 5
4 1
1 2
1 7
4 1
1 2
3 2
3 2
4 3
4 4
2 1
17 1
2 1
1 11
4 1
29 1
1 12
1 4
1 4
2 2
2 1
19 1
2 1
1 22
1 3
9 1
1 1
22 1
7 3
7 2
2 1
1 6
2 1
2 1
13 1
2 1
1 2
1 3
1 37
1 2
2 1
8 1
3 1
1 2
1 2
56 1
2 1
5 1
1 3
1 7
1 7
10 1
7 1
1 7
4 1
2 1
2 2
2 2
2 23
2 2
1 4
3 1
1 129
1 2
4 2
4 2
1 7
2 1
2 1
2 1
10 1
2 2
1 3
1 2
2 2
2 5
11 1
2 1
1 8
24 1
1 2
1 4
2 1
2 1
20 1
2 1
6 1
13 1
10 1
1 12
3 1
3 1
5 1
19 4
4 1
1 2
1 2
1 2
1 6
1 2
1 21
2 1
9 1
2 1
1 3
1 7
1 3
1 2
1 8
13 1
2 30
2 16
8 1
2 1
7 1
3 1
11 1
3 1
1 4
2 1
2 3
1 7
3 1
1 5
2 2
5 1
1 4
1 2
1 2
7 14
2 15
3 3
6 4
1 1
1 2
2 3
8 3
1 3
1 7
1 7
2 1
1 3
2 3
2 1
69 1
1 36
1 1
2 1
1 4
1 4
1 3
2 1
2 2
22 1
1 2
1 15
5 1
23 1
23 3
5 1
2 1
1 2
12 1
1 3
5 1
1 2
1 62
1 4
12 18
2 1
32 1
1 29
1 3
2 1
1 1
1 15
1 2
1 7
1 1
1 2
4 1
3 1
17 1
2 1
2 1
34 1
5 1
1 5
1 37
1 37
2 1
4 3
17 1
2 1
2 2
1 2
2 1
1 3
2 2
30 6
30 4
2 1
7 1
1 13
1 14
2 1
1 65
1 65
1 39
5 1
1 1
3 1
11 2
3 7
16 2
21 1
1 1
1 3
1 6
3 1
2 1
1 7
2 6
1 12
1 6
1 8
1 2
2 1
7 1
1 3
18 1
2 1
1 3
1 7
3 1
2 1
3 1
1 3
1 2
1 2
2 1
1 2
2 1
1 5
1 14
12 1
3 1
2 1
1 2
3 2
3 1
2 1
2 1
2 2
6 3
6 2
5 4
7 3
1 1
8 1
1 4
1 2
9 1
5 1
1 4
1 2
1 2
3 1
1 8
2 1
1 15
5 1
1 2
1 8
3 22
3 6
1 2
1 5
4 5
1 2
1 7
9 1
2 1
5 2
5 2
1 2
1 5
1 2
5 1
1 2
2 7
3 7
2 1
1 2
4 1
5 1
5 1
5 1
35 1
3 1
2 1
1 2
2 1
1 7
1 7
4 1
2 1
2 1
1 36
1 4
4 1
2 1
2 2
34 1
5 1
2 1
4 2
1 1
1 8
2 1
2 1
2 1
1 13
1 13
1 2
3 1
1 1
1 4
15 1
9 2
5 2
1 4
1 4
2 1
1 23
2 4
2 8
1 2
23 1
2 1
2 2
42 1
20 1
5 1
5 1
2 1
1 2
8 3
2 2
9 1
1 1
1 7
5 1
1 4
1 4
1 10
3 1
2 1
2 1
1 20
1 3
3 3
3 47
3 1
2 2
2 2
1 5
11 1
13 6
9 6
9 1
3 2
3 1
1 3
2 1
2 1
2 1
2 2
1 56
7 1
2 2
1 2
3 1
1 1
4 1
1 24
13 2
13 1
1 20
3 1
3 2
1 2
1 5
1 4
1 3
1 32
29 1
1 4
2 2
2 6
1 20
1 2
7 1
4 1
1 2
3 2
1 2
1 3
10 1
1 13
1 7
2 1
1 3
1 3
1 3
2 1
1 2
2 1
3 1
4 1
2 1
1 2
1 4
1 1
1 16
22 1
1 3
1 2
2 1
1 2
2 1
1 1
2 1
4 3
1 2
1 2
6 1
1 2
11 1
2 4
1 3
7 2
1 3
2 1
1 9
2 1
1 149
1 14
2 1
2 1
2 1
1 27
1 22
5 2
10 1
2 6
13 5
8 1
2 1
1 21
3 1
1 2
11 1
1 4
2 1
1 2
2 1
12 1
12 2
2 1
13 1
1 1
1 10
1 12
3 1
1 6
3 1
2 1
2 1
1 11
1 3
1 7
1 6
4 1
1 2
2 1
1 3
4 3
1 3
1 2
3 5
3 13
4 1
1 2
3 1
3 1
1 2
1 6
3 1
1 1
1 2
3 1
1 4
3 1
1 3
1 2
7 5
2 5
1 2
1 9
2 1
1 3
1 17
2 6
2 3
1 5
6 1
12 1
1 4
1 8
1 3
1 2
1 2
1 2
2 2
1 6
27 1
2 1
3 6
3 19
1 13
6 1
1 5
2 1
1 11
4 1
2 1
1 6
1 2
1 4
3 1
1 3
1 2
2 1
1 2
1 1
1 13
3 1
1 10
1 1
1 1
5 1
1 7
2 2
1 2
1 4
2 22
1 22
2 2
1 2
4 2
1 2
7 1
2 1
9 1
2 2
1 2
2 1
10 1
2 2
1 2
2 2
4 2
1 3
1 1
2 15
3 15
1 4
14 1
2 1
3 1
2 7
3 6
2 3
3 2
1 1
52 1
7 1
20 1
1 3
5 1
5 1
1 2
1 2
4 1
1 2
1 20
45 2
5 2
1 2
1 2
1 1
2 1
2 1
1 2
1 83
2 1
1 2
2 1
2 1
1 5
2 1
1 1
1 7
1 7
4 1
1 3
2 1
86 1
1 5
5 1
5 1
3 1
3 1
2 1
2 2
1 2
4 1
1 3
2 1
4 1
1 2
1 2
1 2
5 1
2 1
10 1
2 1
11 1
1 2
1 2
1 2
2 1
1 7
1 7
1 8
1 11
1 4
1 5
1 45
3 1
1 19
1 18
1 4
1 2
1 2
1 2
1 2
1 2
1 2
2 1
2 2
2 1
1 8
1 8
3 1
3 1
1 3
1 27
3 1
2 1
1 4
2 1
1 33
3 1
5 1
2 1
1 1
27 1
1 2
1 3
7 1
1 2
5 3
3 4
4 1
2 1
3 5
3 8
1 2
1 9
27 1
1 3
2 1
2 1
1 4
3 1
16 1
2 4
2 3
1 8
1 8
3 1
1 4
1 3
1 11
5 1
3 1
1 1
1 3
1 4
3 1
2 17
2 1
1 1
3 1
3 1
1 2
1 7
6 5
6 2
9 1
1 13
1 2
1 2
12 1
1 11
1 3
10 7
10 7
3 19
2 2
3 4
3 12
6 1
2 10
2 3
2 1
2 1
1 42
3 1
2 1
2 1
2 1
1 5
24 1
2 10
1 10
5 1
5 1
1 4
1 3
1 2
1 2
14 1
1 2
3 1
1 1
9 1
10 1
17 1
2 1
2 2
2 1
1 2
1 6
1 11
1 11
2 1
1 4
3 11
1 16
3 18
1 23
2 5
5 1
5 1
1 8
6 1
1 7
3 2
1 2
1 10
3 3
1 4
3 2
1 3
2 1
9 2
2 3
9 1
2 2
7 1
1 1
2 1
1 26
1 48
2 1
2 5
1 2
2 1
2 3
3 1
3 21
3 4
1 1
1 5
8 1
1 2
4 1
5 2
3 1
1 2
1 2
2 1
8 1
2 1
3 1
68 1
1 13
1 1
12 1
1 2
1 2
3 1
1 3
1 3
5 1
1 3
1 3
1 3
1 7
1 2
13 4
11 3
5 1
1 42
1 14
4 1
1 2
1 2
2 1
1 5
2 1
2 1
5 1
2 1
1 12
1 77
3 1
8 1
211 121
20 118
10 4
221 1
10 3
1 1
1 2
1 4
1 9
2 6
49 1
1 4
1 3
1 3
1 9
5 1
3 1
1 2
2 2
1 1
1 7
1 3
1 3
1 3
1 3
20 1
1 5
1 2
1 3
4 7
2 3
1 9
5 5
1 4
1 2
2 1
1 4
1 2
2 2
13 3
13 2
2 1
4 1
1 1
2 2
2 1
1 2
7 168
2 1
12 1
2 1
17 1
33 1
1 4
2 1
9 1
7 1
1 5
1 2
1 4
1 2
3 1
1 2
1 31
1 3
1 3
5 1
1 32
12 1
1 2
1 2
1 3
13 1
1 5
2 1
4 1
1 2
2 4
2 13
1 116
1 2
4 1
1 2
7 2
2 1
24 1
3 1
5 1
1 62
1 2
1 4
1 2
18 1
1 3
1 2
1 4
2 1
1 1
5 1
1 10
3 1
2 1
4 1
1 3
91 1
4 1
1 9
3 9
1 4
1 4
2 1
1 2
18 1
1 58
1 2
1 12
2 3
2 1
1 2
1 2
1 2
1 4
7 1
1 3
2 1
1 2
1 2
2 1
1 15
1 3
1 3
4 1
1 4
1 8
1 7
12 1
30 1
1 28
7 1
3 1
1 2
1 3
1 6
2 1
4 1
3 2
4 2
3 1
1 6
1 2
4 2
1 7
2 1
1 9
1 9
1 1
1 3
1 10
8 1
2 1
14 1
1 28
1 28
4 1
22 1
22 1
2 1
1 9
1 4
5 1
5 1
1 4
1 4
1 6
2 1
1 139
2 2
3 2
1 3
13 1
1 2
2 1
42 1
1 2
1 13
1 4
2 1
1 13
1 17
2 1
2 1
2 1
1 9
2 1
3 1
1 2
1 1
1 4
1 2
1 2
1 4
1 3
1 142
3 1
1 2
1 2
1 7
9 1
8 1
3 1
4 1
1 1
1 6
1 2
1 5
7 1
5 1
5 1
4 1
4 1
2 3
1 5
4 4
1 2
1 3
8 19
4 19
1 2
3 2
25 1
2 8
2 2
1 8
2 1
1 2
2 2
1 2
1 2
1 3
1 6
2 1
6 1
6 1
1 2
3 1
2 1
1 15
18 1
4 1
2 1
2 1
2 1
12 1
2 1
9 2
9 14
1 3
2 1
1 5
2 1
8 1
3 2
3 1
1 1
1 3
1 7
1 99
12 9
2 9
1 2
3 2
4 1
1 2
6 1
1 5
1 5
3 1
5 1
7 1
28 1
5 1
1 7
1 15
1 3
1 68
2 68
1 8
6 1
3 2
1 2
1 36
2 1
1 5
42 1
4 1
1 2
28 1
1 2
1 5
8 1
8 1
1 21
14 1
1 4
2 4
1 2
7 1
1 2
3 1
3 1
2 2
2 1
2 1
1 5
1 2
1 3
1 2
10 1
1 16
1 2
1 8
4 1
1 6
8 2
5 2
1 2
1 2
1 60
15 1
2 6
2 6
5 1
2 1
5 1
2 1
1 3
1 2
1 6
2 1
2 1
39 1
2 1
5 1
7 1
4 1
2 2
2 1
1 10
1 3
1 1
8 1
3 1
2 3
2 2
5 2
1 3
2 3
3 2
3 1
1 15
1 2
1 2
39 1
2 1
2 1
1 4
2 1
1 3
33 1
1 10
4 1
1 8
1 1
1 3
4 1
2 1
5 1
2 1
1 2
2 1
2 1
3 1
1 2
1 5
1 7
11 1
1 6
1 14
2 1
2 2
3 1
1 2
1 1
1 4
1 3
4 17
5 17
1 24
3 1
1 2
3 1
38 1
1 2
2 1
1 11
4 1
4 1
6 3
6 2
102 1
2 1
3 1
11 1
1 36
1 36
3 1
1 2
2 2
1 8
29 1
1 1
3 6
1 6
1 9
50 1
3 1
1 2
2 2
1 16
1 14
1 2
1 2
2 1
2 1
6 1
1 2
2 1
1 2
1 6
1 2
2 1
5 1
1 1
1 16
2 1
7 1
1 2
2 11
2 3
4 1
9 2
1 2
1 2
2 2
2 3
2 1
1 2
1 2
1 2
1 28
2 1
1 4
74 1
1 8
1 3
5 1
2 1
1 2
2 1
2 1
2 12
4 1
5 4
5 7
2 1
1 2
9 1
1 7
1 10
1 4
1 8
28 1
2 1
30 1
1 2
2 1
17 31
17 6
1 2
1 4
1 4
1 3
78 1
4 1
1 3
3 1
3 2
1 3
3 1
2 1
5 1
1 3
19 1
2 1
1 2
5 1
2 2
1 2
24 1
1 4
22 1
2 1
265 1
1 4
9 1
1 2
9 6
4 6
1 8
1 17
1 4
1 2
3 1
3 1
2 1
1 3
19 24
7 24
2 1
1 11
1 2
1 21
7 1
1 34
1 21
1 8
2 1
8 1
2 1
2 1
2 1
1 29
2 1
2 2
2 1
1 2
3 1
1 1
1 2
3 1
3 1
3 6
2 5
1 3
4 2
1 1
1 8
1 2
15 4
3 6
4 6
14 8
1 2
2 9
3 9
1 2
1 4
3 1
3 1
2 1
2 1
2 1
2 1
1 2
2 1
4 1
2 1
8 1
2 1
1 1
1 3
1 3
2 7
2 2
1 3
18 1
2 1
4 1
5 1
4 6
4 1
1 2
3 1
1 9
5 1
1 12
41 1
2 1
9 1
9 2
1 4
2 7
4 1
2 1
1 10
1 4
2 1
1 2
8 1
1 3
1 1
4 1
2 1
1 8
3 1
1 12
43 1
2 1
2 1
4 1
1 4
1 59
1 2
1 34
1 5
3 1
1 12
4 1
86 1
2 1
20 2
20 1
2 1
13 1
6 1
1 6
1 2
2 1
1 5
2 1
1 8
5 1
1 5
11 1
11 1
3 1
1 2
2 2
1 16
2 1
1 4
2 1
1 4
3 2
1 4
3 1
1 3
2 2
1 1
18 1
1 11
1 4
1 2
25 1
18 1
2 1
1 2
1 29
3 1
1 28
1 3
6 1
1 13
1 16
1 10
2 4
2 4
2 1
1 4
2 1
2 1
1 2
2 1
1 2
1 1
5 1
1 6
1 2
5 2
2 1
1 9
18 1
3 1
1 2
1 128
3 1
1 2
2 3
2 3
1 2
1 3
1 3
2 1
1 15
3 2
2 2
1 5
1 2
2 1
1 2
10 1
1 2
11 1
8 1
8 1
14 1
2 1
1 11
8 2
2 4
2 6
1 2
1 57
1 95
8 1
5 1
13 2
8 2
14 1
1 1
10 1
5 1
5 3
4 2
1 3
2 1
3 2
1 1
4 1
10 1
1 4
19 1
1 3
1 10
2 1
3 1
2 1
4 1
1 2
38 1
1 8
3 1
1 3
2 1
1 3
3 1
3 1
1 6
1 6
1 9
1 6
1 3
1 3
1 2
1 1
2 1
1 1
1 6
3 1
1 4
1 2
1 16
1 1
3 1
1 4
5 1
2 1
1 16
1 13
1 13
75 1
1 16
1 17
4 1
3 3
3 17
1 32
1 63
1 2
7 10
7 20
9 1
13 1
1 55
1 55
69 1
10 1
1 11
1 6
4 14
4 4
6 1
8 5
106 5
12 1
1 2
1 10
4 1
18 1
2 1
2 2
1 2
4 1
1 2
2 5
2 1
3 1
2 1
1 28
1 2
1 4
9 1
4 1
1 15
2 1
1 5
3 1
1 2
1 2
1 2
1 3
1 2
1 3
1 1
6 1
1 3
1 25
6 1
6 1
1 20
1 7
1 3
1 22
1 2
1 2
1 9
1 2
4 1
1 2
6 3
6 3
6 10
2 10
1 2
2 9
2 3
1 10
2 1
1 2
12 1
2 1
1 1
13 1
1 2
11 190
40 190
12 1
1 4
1 5
2 2
1 3
2 2
1 3
1 1
8 1
1 3
4 1
3 1
1 1
2 1
3 1
2 1
5 1
4 1
1 5
1 5
1 14
3 1
7 1
1 3
11 1
7 1
1 2
88 20
3 1
1 72
2 2
1 2
5 1
17 1
1 10
1 2
8 1
1 2
2 1
9 1
5 1
1 10
1 15
1 28
1 73
1 115
1 115
1 6
2 1
2 1
35 10
53 9
51 3
37 2
2 1
1 12
1 12
1 6
12 1
1 12
2 1
5 1
2 1
2 1
1 1
2 1
1 4
1 2
5 1
4 4
3 4
1 2
4 1
16 1
12 1
2 3
2 2
2 1
1 2
1 5
1 6
3 1
1 9
1 44
1 11
2 1
2 1
11 1
1 2
7 1
5 1
5 3
1 3
2 3
3 4
1 15
2 6
2 17
1 11
3 1
1 1
1 2
1 37
17 1
3 1
1 22
1 2
4 1
1 2
4 1
1 2
14 1
1 49
4 1
1 2
13 1
1 2
8 2
1 1
1 2
1 2
2 1
1 3
1 3
1 2
2 2
3 1
1 9
2 1
80 1
1 1
5 7
4 20
5 8
4 21
1 13
5 1
1 11
1 2
1 12
1 2
1 6
1 3
1 2
1 18
3 1
1 3
1 5
5 1
2 1
2 2
1 5
1 40
5 1
1 4
2 1
2 1
1 4
4 1
1 8
1 10
1 6
1 6
1 2
3 1
1 6
66 1
1 2
1 2
1 5
102 1
1 6
1 3
1 3
1 10
3 1
1 5
9 1
1 6
2 1
3 1
2 1
2 1
1 2
3 1
1 2
1 2
1 3
1 5
1 18
6 18
24 1
24 1
9 1
1 3
1 2
1 4
1 4
2 1
3 1
1 1
1 2
3 2
28 1
27 1
1 3
1 2
14 1
1 60
4 1
2 1
2 1
3 1
2 4
3 4
1 2
13 1
1 13
1 8
1 2
3 2
3 1
1 6
1 6
1 49
1 2
2 1
1 4
80 1
1 16
1 3
1 3
1 1
1 2
1 1
6 1
3 1
1 4
8 1
3 2
5 2
6 3
2 1
3 1
2 1
5 1
5 1
8 1
1 3
2 1
1 8
1 8
1 8
2 1
3 2
1 2
1 3
2 3
2 4
1 3
1 26
1 6
3 1
2 1
2 1
1 2
27 1
1 21
1 21
2 16
5 16
2 18
1 5
2 1
3 1
10 1
2 1
1 3
1 21
1 2
1 2
10 2
1 2
2 1
2 1
6 1
1 2
1 2
1 3
78 1
3 1
1 2
4 1
7 1
2 1
1 3
1 14
1 14
2 1
1 10
6 10
6 4
2 1
1 2
1 2
4 1
1 1
1 2
1 2
1 4
6 1
6 3
1 13
6 1
1 10
1 11
16 1
2 4
2 1
2 1
1 1
1 9
1 2
8 1
8 1
1 3
2 39
2 3
20 1
2 1
2 1
2 1
2 2
1 2
1 20
2 1
3 10
3 6
1 1
1 7
1 2
2 2
1 3
1 30
1 2
5 1
2 1
1 2
1 2
1 7
2 1
1 28
1 10
1 2
1 4
1 4
1 2
1 3
6 1
3 1
6 1
1 4
2 16
6 16
18 1
1 22
1 4
5 1
5 1
2 12
1 12
2 2
2 2
38 1
2 1
1 3
2 1
45 1
3 10
3 3
3 1
1 3
4 1
3 3
2 1
1 2
3 1
3 1
1 7
2 1
2 2
1 3
7 1
2 1
4 2
2 1
1 2
5 1
1 1
1 2
3 1
1 7
2 1
2 1
13 1
3 15
1 15
2 1
1 8
1 6
3 1
1 1
2 1
6 1
1 2
1 2
1 6
27 1
4 1
3 1
1 8
3 1
2 1
1 2
1 1
1 2
1 4
3 16
1 23
2 13
2 20
1 7