container height: free
rotations allowed: no
number of rectangles: 10000
2 12
66 9
3 6
22 136
13 3
10 35
33 2
13 21
2 1
14 20
3 279
1 2
21 7
1 8
2 1
1 7
1 4
3 1
2 1
5 1
1 15
2 37
19 9
31 1
61 11
4 46
24 7
2 3
9 35
7 25
1 9
14 108
3 1
39 1
8 1
1 2
17 1
1 151
1 46
11 12
1 3
1 1
1 249
2 1
1 3
6 10
3 17
1 2
11 1
2 2
6 12
1 3
1 2
4 1
7 2
2 4
1 4
1 3
1 11
2 7
2 1
2 1
107 1
1 4
22 2
1 7
2 4
3 1
1 9
8 9
1 2
1 2
23 6
17 25
1 18
7 13
7 18
561 189
1 2
5 2
1 5
4 5
12 1
2 1
6 3
25 4
7 6
1 1
20 36
14 18
1 3
4 14
1 4
1 5
4 2
23 7
14 3
1 65
18 65
2 1
3 25
2 2
7 8
1 2
3 1
1 7
1 3
1 43
12 36
14 3
16 1
1 128
110 72
8 1
12 1
4 1
15 1
8 2
3 1
3 2
1 20
34 1
3 10
1 12
1 9
3 123
1 2
15 1
12 1
15 4
1 6
5 2
4 1
2 15
1 17
1 40
3 1
14 21
5 1
1 2
17 1
1 4
30 12
94 12
7 5
90 313
14 313
1 362
4 8
2 1
10 1
11 1
8 15
35 26
335 98
1 2
2 1
1 16
8 8
1 3
71 4
19 6
1 15
1 2
14 1
6 19
5 134
2 2
9 1
2 15
1 25
10 27
18 2
1 2
6 1
14 7
10 1
7 18
12 1
2 3
3 3
13 6
1 10
2 24
1 1
1 6
1 2
1 27
4 1
1 3
30 1
24 8
6 1
5 1
12 1
7 30
1 5
1 5
12 1
2 38
2 3
1 1
3 4
1 2
2 1
6 4
2 1
10 1
1 4
1 5
43 6
3 10
4 1
2 1
3 9
4 1
13 19
6 1
2 1
1 3
1 4
3 1
6 38
23 1
6 1
1 43
4 2
10 1
1 2
1 9
8 2
1 8
1 2
1 2
8 27
2 2
1 27
2 1
1 428
1 3
1 7
9 1
6 7
1 15
1 3
13 1
2 1
2 7
1 3
1 2
3 64
1 43
1 30
1 30
4 1
94 1
9 1
3 1
8 182
1 11
1 2
8 9
9 2
3 1
1 2
16 4
1 5
2 2
3 11
2 1
4 100
1 9
4 50
74 20
4 1
1 15
5 1
1 6
7 1
1 21
4 2
2 59
2 46
1 2
53 1
1 53
1 2
1 16
2 1
1 2
1 2
17 32
34 1
1 27
1 3
5 2
3 1
1 4
2 12
2 3
1 10
1 2
9 5
3 1
1 1
4 1
1 11
2 1
1 10
3 11
2 7
1 1
9 142
1 5
11 36
8 8
3 5
12 4
36 22
5 1
1 9
4 1
1 2
1 2
35 9
60 6
2 4
14 11
5 8
3 1
13 2
6 2
13 21
1 57
2 4
10 17
119 1
1 9
1 9
1 2
1 105
6 2
5 6
2 1
3 3
8 41
2 1
1 142
5 7
1 2
3 83
4 1
1 30
2 9
1 13
5 9
1 2
8 24
1 3
3 3
1 2
2 3
1 7
2 1
13 1
5 1
1 11
4 11
20 4
1 1
3 1
1 10
1 9
1 32
1 9
1 3
3 12
2 1
1 2
1 60
26 1
3 2
3 7
1 2
1 161
4 1
7 1
1 3
14 3
1 130
1 2
11 1
253 1
1 9
1 9
1 118
2 2
2 1
3 26
10 23
1 5
3 1
8 2
2 2
43 35
2 22
1 72
1 9
1 2
2 16
1 13
3 2
5 137
17 1
7 1
3 6
1 6
1 10
2 25
1 1
191 1
4 1
1 3
43 1
112 10
3 5
1 2
4 7
1 2
1 36
2 2
6 1
2 1
12 1
12 3
1 8
2 2
1 7
1 2
5 2
1 3
12 9
1 79
1 3
3 1
2 1
1 6
2 1
2 3
1 6
1 2
19 1
1 2
1 1
7 2
3 1
8 2
8 3
20 51
1 3
2 3
1 50
6 11
6 7
2 1
12 1
9 1
14 1
1 2
108 1
1 4
1 10
2 1
2 2
9 1
2 1
2 1
2 7
4 259
2 2
1 5
1 6
1 2
12 2
22 7
10 10
2 3
1 6
10 219
1 2
1 69
3 73
12 3
2 11
2 21
4 19
25 8
7 1
1 32
4 1
2 2
1 3
63 1
54 2
2 6
9 2
27 1
1 3
4 1
2 1
6 31
17 1
1 8
5 1
1 14
1 9
4 2
1 14
1 21
1 5
2 7
14 1
3 42
4 16
1 3
3 8
1 9
9 2
24 24
15 8
3 3
1 12
1 9
60 1
1 34
2 1
3 1
1 5
4 1
1 3
72 1
2 26
1 6
1 6
1 7
12 1
2 1
9 1
4 2
2 2
4 1
26 1
2 2
1 35
1 2
1 4
1 24
2 1
3 2
3 1
1 56
7 1
8 1
50 22
8 1
3 1
4 1
4 4
54 1
4 1
14 1
2 2
2 304
1 4
3 44
1 260
1 31
2 55
2 32
1 1
1 7
1 9
1 19
1 40
6 2
1 1
5 1
7 1
5 1
1 2
1 2
1 2
1 1
33 1
1 26
8 7
13 1
1 16
2 1
1 1
2 2
1 2
24 1
7 1
1 113
1 3
1 3
1 1
2 4
1 3
4 2
1 136
36 1
20 57
47 21
2 11
20 1
5 1
3 115
7 3
8 4
12 5
1 11
1 6
1 2
4 3
3 1
2 93
3 20
4 1
4 3
16 1
1 26
14 1
17 3
1 8
1 4
5 7
1 6
2 4
3 1
3 4
1 35
2 1
1 4
2 178
3 1
1 3
2 1
1 12
2 10
166 13
1 3
1 4
4 1
1 26
2 1
2 1
1 1
2 9
23 1
1 3
2 1
3 2
26 11
1 2
2 10
2 6
3 5
2 2
1 1
1 2
3 1
1 13
21 1
1 2
13 1
2 2
2 4
13 7
3 1
7 1
3 2
18 1
1 6
1 2
2 5
19 3
1 85
1 4
2 7
1 1
9 2
1 2
5 1
1 1
1 6
12 2
2 3
9 2
6 4
2 1
5 1
1 2
1 2
11 2
6 1
1 13
2 1
6 1
1 3
2 1
7 1
28 8
5 2
5 1
3 3
9 1
1 2
1 8
1 2
3 1
1 24
1 4
2 1
4 12
2 3
2 1
15 11
1 3
33 8
1 3
2 1
9 1
1 12
4 1
1 1
1 68
4 1
118 2
1 20
49 110
2 6
4 2
1 9
3 1
1 2
10 1
1 2
6 1
1 2
33 15
11 34
22 20
1 2
1 2
3 1
6 1
2 1
2 1
1 1
5 1
55 1
9 3
3 1
12 1
249 38
18 8
1 2
4 3
6 2
1 2
3 3
3 5
1 12
1 12
1 6
1 189
1 9
3 9
1 7
1 23
7 2
1 21
1 6
53 1
6 37
1 3
1 63
2 1
16 2
5 2
1 5
4 15
2 1
1 8
5 1
1 2
2 1
1 3
3 8
10 15
87 1
1 11
1 13
58 9
1 202
1 7
4 2
3 16
1 31
5 7
3 5
4 1
3 5
3 2
1 1
1 4
1 53
1 22
1 22
38 1
3 9
9 6
2 237
5 1
1 3
12 46
1 2
1 3
42 9
42 36
2 1
1 19
1 2
2 1
4 2
2 3
6 3
3 2
2 5
2 2
2 1
3 16
3 5
1 4
9 1
1 1
2 1
1 2
31 4
1 12
1 4
2 1
1 7
55 5
3 1
82 1
119 5
2 5
42 1
1 2
1 13
1 2
1 17
18 1
1 2
5 18
11 1
4 15
1 29
1 6
1 3
9 1
1 1
1 204
32 5
11 191
6 12
2 1
2 5
1 2
1 2
1 18
5 1
2 2
2 1
1 3
2 137
1 137
1 2
1 34
1 52
1 52
4 1
1 2
3 1
1 1
2 8
1 2
1 3
1 69
6 25
1 19
11 1
1 2
17 1
2 3
1 10
44 1
4 3
7 6
9 3
25 1
25 1
7 29
1 7
3 1
2 4
1 9
7 1
6 3
11 3
95 1
17 27
1 4
39 5
66 1
1 9
1 41
1 1
152 1
7 1
2 23
1 2
1 25
1 5
75 71
5 1
2 10
1 2
1 161
8 1
2 1
1 2
2 1
6 1
1 4
6 2
1 6
3 2
2 8
2 1
6 1
1 5
2 4
4 52
2 1
1 2
139 1
8 1
2 2
1 1
1 48
1 2
1 3
1 1
1 4
101 1
1 1
13 2
4 2
1 2
2 1
4 1
1 9
4 1
4 17
1 5
3 1
1 3
2 10
4 1
2 4
2 3
1 3
1 2
3 7
1 13
1 16
1 8
4 1
26 1
3 73
1 6
1 2
1 10
1 22
9 1
1 1
1 9
11 1
2 6
26 1
19 4
1 2
276 4
6 4
1 6
1 63
1 7
1 5
2 2
80 1
89 5
1 3
3 1
3 3
1 4
2 1
1 3
2 1
2 1
2 1
10 2
2 5
1 19
7 1
7 1
3 2
1 2
2 8
2 1
2 1
1 10
2 10
2 5
1 2
3 1
1 2
3 2
1 2
6 2
3 2
6 1
2 1
4 132
1 4
1 2
1 41
1 41
107 1
1 8
1 1
1 18
2 64
2 3
8 15
4 13
3 28
2 5
1 101
2 2
1 10
1 3
2 86
4 2
3 2
2 1
1 105
3 1
1 2
1 2
1 2
1 3
1 3
3 1
2 1
1 4
2 87
4 1
4 1
1 4
1 10
2 1
4 1
1 12
2 7
1 31
4 3
1 2
8 1
2 1
2 4
9 23
1 2
2 2
2 1
3 1
1 2
1 2
22 15
2 77
1 15
1 2
1 2
1 124
118 1
1 2
1 3
1 10
7 1
5 2
1 2
3 2
4 14
19 1
5 1
2 1
52 1
3 133
1 2
2 1
24 3
67 2
1 2
7 3
2 4
1 3
3 1
1 2
1 9
3 1
6 1
2 4
2 1
1 2
16 9
3 1
67 254
1 16
6 1
10 1
5 1
81 2
80 1
1 3
1 161
1 3
1 310
9 1
1 3
4 2
2 1
1 108
2 1
1 2
2 2
1 25
1 2
1 24
2 1
3 1
2 2
1 92
5 8
3 27
1 2
1 12
1 2
4 2
4 1
14 2
2 1
1 4
1 4
10 1
1 2
1 2
5 1
1 2
4 37
1 1
7 6
1 72
16 40
1 6
1 7
1 7
1 2
5 3
19 1
1 1
1 1
2 15
2 30
1 3
2 7
2 7
18 1
3 1
1 26
1 113
8 1
1 6
1 1
2 2
1 6
2 1
3 1
1 101
38 1
2 1
3 1
14 1
12 1
1 3
1 3
3 1
1 4
2 2
2 1
1 2
1 2
1 41
1 2
3 1
1 36
2 1
4 1
3 2
1 40
1 3
2 1
1 3
1 14
1 8
2 45
1 2
1 2
7 2
139 1
12 1
9 3
8 9
2 20
16 2
16 8
2 2
3 1
1 2
5 1
239 13
192 39
255 27
1 2
2 23
2 4
2 1
17 1
5 1
1 4
1 2
6 5
6 1
121 1
11 1
3 2
3 1
2 2
4 4
3 1
2 1
70 1
4 1
15 1
2 2
2 1
1 2
1 2
3 1
20 38
3 17
3 91
5 1
18 18
1 8
4 1
13 24
1 4
1 4
3 1
14 1
7 1
2 14
1 67
2 10
2 1
3 5
4 2
1 2
1 2
11 1
1 6
1 4
3 10
2 1
2 1
2 1
1 33
10 1
1 42
2 1
2 1
2 1
1 2
1 2
1 13
3 13
1 153
3 2
2 4
3 32
10 10
1 44
1 3
4 1
1 18
2 18
1 17
4 2
1 1
21 1
2 1
1 2
28 1
13 1
2 4
2 25
1 2
1 2
5 4
1 3
13 1
1 43
1 12
2 2
1 10
2 9
1 7
3 3
15 3
2 7
4 1
1 3
2 2
1 33
1 10
2 3
1 2
2 1
2 5
10 1
1 2
2 3
4 1
4 1
1 11
3 1
1 3
2 6
2 2
135 1
1 6
1 6
3 1
136 6
1 56
2 1
6 4
6 2
10 49
1 3
1 13
1 21
1 2
27 4
7 2
7 6
12 5
2 9
2 11
1 6
1 4
16 46
16 70
2 1
2 1
41 11
2 38
7 1
1 2
2 7
1 2
11 1
2 1
1 3
3 2
3 6
1 72
4 17
3 1
254 21
193 16
277 2
12 1
3 3
2 1
20 4
8 60
8 2
2 2
3 2
4 39
1 3
1 3
49 10
1 6
1 1
12 90
3 1
1 13
1 5
1 2
12 2
2 2
12 1
5 2
5 1
1 41
1 12
2 165
1 165
2 5
16 1
94 3
2 1
1 4
1 2
1 5
21 17
1 3
6 1
5 3
1 2
6 1
4 1
7 1
17 1
1 8
2 1
2 1
2 1
2 3
1 64
34 1
1 30
2 13
19 1
2 1
2 1
2 3
2 9
4 1
1 6
8 4
8 4
4 2
4 2
3 5
1 2
7 2
1 9
2 47
1 5
1 10
1 6
2 1
1 7
1 5
5 1
1 2
1 13
1 13
7 4
4 1
72 1
68 2
4 21
1 2
2 1
5 1
1 3
2 3
2 1
31 32
1 2
1 3
16 12
1 152
1 5
3 1
4 1
7 1
2 1
2 1
2 1
3 1
1 121
2 1
1 5
7 3
1 3
1 6
2 5
1 2
1 16
5 1
1 2
1 2
2 2
1 237
5 2
3 18
3 1
2 1
74 1
1 2
2 2
1 29
10 11
3 4
1 8
2 2
31 1
1 6
1 18
36 1
1 58
19 2
1 107
5 1
3 1
1 7
30 2
2 5
7 5
1 2
12 3
107 3
1 3
112 18
4 1
3 2
2 4
2 2
4 2
8 133
1 40
20 3
20 10
22 13
2 2
6 2
1 10
88 16
88 56
2 2
16 1
1 6
1 1
1 23
3 1
1 10
3 3
3 1
24 3
4 4
4 1
1 1
5 2
1 3
6 1
6 1
3 1
7 1
4 2
8 19
3 1
4 4
1 26
10 1
14 1
14 1
2 21
3 1
1 28
2 1
2 2
2 2
1 38
6 4
15 4
3 210
49 1
47 3
2 2
4 1
1 4
2 1
1 7
1 4
1 3
1 113
2 1
1 19
3 13
1 2
2 1
1 2
1 2
159 62
48 43
2 1
4 1
1 9
1 4
2 1
2 2
12 1
3 1
1 8
1 72
4 8
27 1
3 23
1 1
1 16
4 2
1 4
1 41
22 96
5 1
5 5
1 7
1 12
2 2
2 2
6 5
3 1
1 3
2 3
6 20
2 2
3 1
7 3
1 3
5 2
1 64
2 1
1 96
7 1
2 3
1 2
9 1
82 6
6 4
17 3
1 4
1 5
4 1
39 1
1 10
1 1
3 1
1 44
1 7
3 2
4 1
1 2
51 1
2 5
2 1
4 1
2 1
8 1
1 4
1 4
1 15
1 1
2 1
1 5
1 3
1 10
29 2
3 2
1 2
1 20
4 9
2 4
2 2
1 3
4 16
1 2
1 2
5 5
5 2
1 4
25 3
1 2
1 2
2 1
2 1
1 13
1 20
3 2
2 28
5 1
7 3
3 3
2 2
1 3
1 92
1 14
1 2
1 2
2 2
8 4
4 3
13 2
1 2
13 1
3 1
2 1
3 1
1 7
2 5
4 3
3 3
1 2
1 2
27 2
1 39
3 1
1 3
1 1
8 25
5 1
5 1
25 1
3 3
1 35
5 1
5 1
1 5
2 10
1 2
1 2
1 10
1 2
2 1
3 1
2 33
1 10
2 10
6 1
1 6
1 2
14 2
6 3
11 1
7 3
7 1
1 4
1 4
3 1
1 8
1 2
66 1
7 1
1 3
1 3
1 194
20 1
2 1
3 1
1 43
10 1
9 1
1 2
2 4
27 1
27 1
1 2
27 6
2 6
60 2
6 6
1 158
18 1
7 1
1 2
1 2
3 23
1 60
4 1
13 2
3 4
11 2
4 4
1 2
1 4
1 2
1 15
4 1
1 3
1 9
4 4
4 6
2 1
3 2
1 2
5 1
77 3
1 7
1 2
7 1
4 8
3 9
4 7
3 1
1 3
1 12
2 3
8 1
3 1
1 1
3 1
4 2
11 1
7 1
9 1
2 2
3 1
3 1
5 1
3 13
9 4
14 6
1 2
91 1
48 1
1 2
1 6
2 1
2 2
4 1
10 2
7 2
1 5
4 1
24 7
24 2
1 25
1 3
5 13
1 124
11 2
14 1
3 1
1 2
2 1
5 2
5 1
1 6
1 6
8 1
1 6
1 7
1 7
1 14
1 9
1 2
1 25
1 25
7 5
3 1
6 2
88 2
76 1
9 1
1 3
1 10
1 2
1 9
7 1
1 2
1 2
3 1
2 1
1 5
9 2
1 1
3 1
1 6
2 2
1 2
1 3
5 1
2 6
8 10
4 1
1 14
2 1
1 2
1 6
2 1
12 1
6 4
1 2
1 5
1 7
1 2
4 2
1 3
3 2
1 6
11 1
27 64
5 10
1 142
1 31
1 34
15 12
22 7
9 17
13 5
1 22
1 35
3 1
42 1
4 1
1 3
1 1
2 1
1 2
6 2
1 2
12 10
58 14
4 10
27 4
12 38
1 5
2 1
2 193
2 9
5 9
1 6
1 6
1 6
26 1
1 6
1 2
4 1
5 2
6 1
1 4
3 1
3 5
3 3
1 2
1 67
1 2
1 23
1 3
6 5
1 5
1 3
1 4
2 2
2 1
1 4
2 1
5 2
1 2
1 5
2 1
2 2
5 1
5 4
4 8
1 57
13 1
3 1
9 13
4 1
2 1
13 63
6 1
6 1
1 2
228 1
1 1
3 1
3 1
1 3
1 3
6 2
1 2
3 4
1 15
1 9
10 4
1 74
72 1
4 3
1 30
6 1
16 4
2 1
11 3
1 3
3 1
23 1
4 23
13 1
3 10
3 7
1 10
13 1
4 1
6 1
1 3
2 3
8 8
4 1
2 1
1 96
3 7
1 2
1 11
4 9
7 2
1 57
6 1
5 1
2 1
1 2
4 2
1 2
7 1
2 1
1 5
1 3
3 1
1 68
5 61
3 61
1 3
1 20
1 2
1 4
11 3
5 1
1 15
3 15
2 1
1 1
1 19
1 2
1 1
2 2
1 11
52 1
1 3
1 10
1 6
4 6
1 1
1 2
1 2
1 31
1 15
1 15
11 1
1 3
2 3
1 11
1 7
1 2
21 1
21 1
12 1
4 1
2 2
10 2
1 2
1 2
2 1
4 1
2 1
1 5
1 1
1 7
6 143
10 3
1 9
1 7
1 4
1 67
1 13
18 1
18 1
2 1
2 4
2 22
1 15
1 9
4 8
4 1
5 1
5 2
1 95
2 1
1 29
3 1
1 9
1 18
1 52
1 52
1 3
7 2
1 6
1 3
1 2
1 22
2 1
4 80
1 6
1 2
1 2
1 3
1 2
4 4
2 15
1 48
49 1
49 1
2 3
2 1
1 146
4 1
5 2
1 46
4 46
3 1
1 2
2 2
2 1
2 1
3 3
1 12
1 59
3 10
10 1
17 4
1 6
1 2
3 2
3 2
108 38
108 46
2 1
1 2
1 2
1 61
2 1
107 1
4 1
12 1
1 2
1 2
12 1
2 3
2 3
1 5
24 4
7 1
2 33
3 26
4 17
2 7
3 2
3 1
5 1
8 4
12 2
1 11
5 2
1 3
2 1
14 1
2 1
5 10
29 1
12 1
1 26
1 3
1 2
87 3
43 2
4 10
1 33
22 1
10 14
3 3
8 4
2 1
1 44
1 37
1 16
1 33
1 2
31 1
2 32
5 1
1 1
12 1
19 1
3 1
1 2
1 23
2 2
3 1
1 2
2 1
8 2
16 2
1 3
2 2
5 2
1 14
2 1
1 64
1 5
3 4
2 2
1 1
2 1
2 1
1 28
1 204
1 3
1 2
1 14
1 4
1 2
1 2
2 1
2 4
3 1
2 1
21 1
2 1
1 11
16 72
3 21
3 36
1 54
2 18
32 3
3 3
4 108
1 63
5 5
1 2
33 1
27 4
2 1
1 14
2 6
2 3
1 3
1 1
2 1
1 4
3 1
1 3
1 2
1 2
1 3
1 83
1 5
2 7
3 2
4 1
9 3
4 2
1 2
2 1
3 1
2 3
7 3
5 1
19 2
1 1
5 2
2 1
1 2
43 1
4 1
1 27
1 185
4 1
3 36
1 4
1 15
2 1
1 27
24 2
6 1
7 1
1 8
1 2
2 9
14 1
1 23
17 1
6 4
1 2
1 2
1 9
2 1
1 161
2 1
3 2
2 2
1 2
1 6
1 3
122 1
1 1
6 1
4 2
5 2
4 2
1 6
1 2
1 5
1 18
3 1
15 1
2 1
1 2
19 52
1 14
6 29
7 2
1 12
1 57
2 1
1 3
93 17
276 51
1 3
22 7
2 1
6 4
6 3
1 3
58 1
2 2
2 2
1 9
2 1
17 2
2 67
1 4
16 1
1 15
1 2
1 7
2 1
13 1
1 2
4 4
2 1
4 1
1 24
9 1
1 46
5 1
6 6
1 23
1 5
10 1
8 2
2 2
1 1
17 1
2 1
1 74
28 30
28 7
5 1
4 3
1 173
1 3
3 1
2 1
1 2
2 1
1 1
11 46
3 2
1 16
1 6
2 1
2 5
6 1
1 4
2 1
9 5
5 5
1 3
3 7
1 2
77 1
6 1
3 1
1 1
1 7
2 1
6 1
3 1
2 1
1 8
97 5
24 1
14 45
1 33
3 9
1 6
1 14
1 11
26 1
1 16
2 14
1 12
1 3
8 1
3 1
4 1
1 15
2 1
35 1
9 7
26 1
1 2
2 1
1 2
1 2
2 16
2 18
1 4
2 2
1 171
2 1
5 1
2 3
15 1
15 1
2 29
10 1
3 1
2 12
2 1
2 1
2 2
1 2
21 9
2 4
1 11
2 3
7 3
6 1
6 1
2 2
31 1
2 2
2 1
3 7
3 1
1 8
3 3
1 9
15 120
213 114
182 8
46 2
12 1
62 1
58 1
1 1
11 1
22 4
18 7
1 8
9 2
15 1
2 1
7 1
1 3
1 4
1 2
1 17
4 4
2 1
1 4
3 1
1 161
16 7
1 2
1 15
1 2
4 35
1 2
6 2
14 9
4 2
12 1
12 1
8 4
25 5
1 9
1 6
1 21
6 1
3 1
3 1
9 3
2 3
30 1
3 13
44 1
1 4
4 1
1 2
1 2
2 1
2 89
3 8
1 9
7 4
7 1
1 64
2 1
33 3
14 1
8 1
1 9
1 7
7 2
1 34
1 3
39 1
1 6
1 1
1 23
11 7
1 17
10 16
1 3
25 16
2 1
1 3
2 1
2 1
2 2
3 1
6 37
10 1
1 2
1 2
1 2
1 14
1 1
9 3
1 10
9 1
4 1
6 6
5 17
4 3
52 1
2 21
1 30
19 1
4 2
1 40
7 24
2 2
10 1
1 3
2 1
1 9
1 23
1 2
1 6
1 6
1 3
3 2
2 1
43 1
121 1
3 2
7 2
24 1
21 2
10 1
2 1
1 3
1 12
8 1
1 10
4 7
24 2
1 5
4 8
1 19
3 19
6 3
2 1
2 6
1 6
1 14
1 19
1 2
3 1
2 1
84 12
2 10
1 4
2 1
2 1
15 61
9 1
1 7
7 1
15 2
33 2
1 5
1 8
2 1
2 1
2 1
5 11
1 2
3 4
1 2
1 2
11 2
1 4
1 6
1 3
1 6
4 9
9 1
1 2
2 1
6 1
2 1
20 2
6 3
10 1
10 1
1 65
5 1
5 1
2 4
1 4
1 4
4 5
6 1
4 1
2 1
1 16
3 1
1 3
5 4
1 2
1 2
1 14
1 2
11 5
5 1
10 3
1 3
1 68
4 68
2 1
1 8
1 2
412 1
28 1
2 1
5 1
1 61
1 16
2 1
1 9
1 6
13 1
38 1
1 2
37 31
1 37
1 9
6 1
2 7
1 7
14 13
12 13
8 3
1 96
8 1
1 2
21 1
39 1
1 256
1 25
3 2
5 12
4 4
25 4
4 1
20 2
1 2
1 2
1 4
2 1
4 1
1 3
165 1
1 19
1 2
42 3
33 3
18 52
11 52
2 3
5 2
3 1
20 1
1 2
3 24
1 4
1 30
2 5
1 3
1 3
3 1
1 3
2 12
5 12
2 6
1 4
2 2
3 1
1 2
3 6
92 1
2 1
83 1
68 1
3 2
4 2
1 112
1 3
2 1
6 1
143 42
64 44
57 57
86 2
7 1
1 40
1 26
55 1
1 3
5 1
6 1
7 3
1 1
2 1
2 1
2 1
6 8
6 1
1 2
1 10
1 14
87 1
1 85
2 4
2 1
2 6
3 19
1 43
1 2
1 4
3 61
8 14
77 9
31 19
54 14
36 1
1 12
1 173
4 1
1 3
1 25
17 1
2 1
1 2
55 1
1 4
1 14
2 16
3 4
4 1
1 2
1 6
2 1
14 1
18 27
1 2
3 2
1 15
3 1
1 3
1 2
2 1
1 3
1 12
4 1
2 2
4 1
11 8
40 1
35 1
1 7
12 4
3 176
4 2
2 2
1 12
2 1
1 60
5 5
5 11
1 2
1 21
1 6
8 2
4 2
1 3
45 5
1 2
7 9
1 9
9 4
2 1
2 2
4 2
4 1
1 2
1 7
1 26
66 1
14 1
2 1
5 7
5 75
11 50
7 32
4 25
1 28
1 8
2 1
4 1
8 2
1 12
1 9
28 18
28 15
4 3
4 3
16 8
2 1
2 1
1 3
2 14
2 2
1 38
3 1
1 14
1 2
3 1
3 2
1 2
4 1
55 1
5 1
32 2
1 7
1 2
2 1
3 2
3 2
1 8
1 3
1 3
23 1
4 89
1 93
2 2
1 7
2 99
4 99
1 5
11 1
1 4
9 1
1 6
6 14
3 14
9 1
2 1
1 1
95 1
2 2
1 12
1 12
9 142
2 142
10 1
1 10
1 1
1 16
8 1
1 6
1 26
87 1
1 1
29 1
3 4
9 2
7 2
1 18
1 16
7 1
9 1
1 10
2 1
2 2
1 2
1 310
2 234
5 234
1 2
7 1
4 11
2 1
3 1
1 12
1 18
11 1
1 3
1 10
1 12
5 1
2 1
1 2
2 1
1 12
2 1
31 1
9 1
7 1
1 2
30 1
1 1
12 1
12 2
2 3
1 4
28 1
9 4
41 4
6 1
2 1
3 1
2 1
1 24
7 2
2 2
9 1
1 38
3 14
2 1
4 2
1 38
1 5
4 1
1 1
121 1
2 1
1 2
6 1
9 2
49 2
20 1
14 2
6 1
1 4
11 4
8 1
1 2
1 8
1 8
3 1
7 1
1 2
2 1
23 2
1 93
4 1
13 7
27 3
10 6
3 3
3 1
3 1
44 1
1 42
3 3
3 1
3 1
1 3
2 1
3 1
1 38
41 1
2 1
1 2
2 149
5 23
3 159
1 6
2 1
1 2
1 2
1 2
3 1
1 2
3 124
3 136
1 15
1 15
1 17
3 7
1 1
1 2
12 2
4 2
15 2
19 1
31 1
2 2
2 1
2 1
126 22
132 19
6 3
1 12
2 18
1 18
31 5
6 1
6 1
1 47
1 2
3 3
3 5
19 2
2 1
1 8
1 9
5 2
1 12
2 5
2 4
2 2
2 1
2 11
2 1
12 1
1 5
19 1
1 6
4 1
3 1
24 1
24 1
1 43
2 43
1 31
1 5
4 1
1 3
13 7
8 4
5 8
17 1
8 47
2 47
1 13
2 1
3 1
35 1
1 10
42 122
2 1
2 3
10 1
6 1
4 1
1 10
3 1
1 20
2 1
1 3
2 1
7 6
8 56
1 18
6 2
10 1
38 1
33 86
37 18
4 46
4 2
6 1
3 2
1 1
9 26
26 26
1 5
2 1
5 2
2 2
1 2
7 1
2 2
1 2
1 4
1 2
49 1
87 1
87 1
12 1
2 1
1 4
63 1
1 2
1 4
2 2
1 2
2 27
15 27
3 1
1 2
2 1
1 30
1 18
5 1
5 1
1 5
1 3
1 18
12 1
5 3
2 1
1 14
2 1
2 1
1 6
1 6
1 7
1 2
30 37
4 91
12 63
4 2
4 1
1 28
1 113
1 6
1 16
2 2
1 6
6 1
2 1
3 1
3 1
2 7
11 8
94 1
3 1
32 12
1 4
1 8
1 51
1 18
1 3
3 1
1 3
2 7
1 4
2 63
4 63
1 2
3 2
1 2
1 3
16 1
1 19
1 2
2 6
3 1
2 84
19 1
1 5
2 1
17 1
17 1
1 90
2 2
2 5
1 6
1 10
163 14
55 4
8 1
1 15
2 1
1 3
1 20
1 14
36 1
2 2
48 1
3 1
1 11
25 1
5 1
1 4
2 1
2 2
1 12
1 2
1 9
3 6
1 12
5 7
8 1
2 1
1 16
4 1
1 27
2 1
2 1
26 2
5 1
1 2
3 7
3 2
1 68
1 6
11 1
6 6
1 9
3 8
3 3
2 1
7 5
9 5
1 2
1 13
1 11
60 13
2 7
1 62
171 1
1 61
1 3
1 3
17 1
57 91
2 1
2 1
10 1
1 3
1 4
1 6
1 12
2 9
1 3
1 6
1 6
7 3
2 2
2 1
9 3
1 2
18 1
1 14
2 1
1 1
3 1
2 7
2 1
1 3
5 2
4 14
5 1
2 2
4 2
55 4
1 7
4 1
1 3
1 2
1 3
2 1
1 21
7 7
3 3
3 1
3 1
1 21
1 40
2 20
324 3
324 2
28 1
11 2
14 24
14 39
2 1
7 3
5 1
1 22
1 12
1 5
12 69
12 91
2 1
1 26
12 1
1 35
3 2
1 2
1 3
10 1
1 8
1 2
1 2
1 7
2 8
1 25
14 1
16 38
1 4
2 11
7 1
7 1
1 3
1 2
23 1
23 1
50 70
235 70
1 6
2 8
4 1
1 218
2 1
2 1
1 4
13 5
2 5
6 3
1 2
1 18
1 2
3 11
20 11
2 2
3 1
2 2
3 1
1 1
7 1
20 1
25 2
4 1
1 2
47 56
6 9
6 8
1 2
2 1
1 1
1 2
1 1
3 3
3 2
4 1
4 1
1 1
16 1
5 1
13 1
22 1
7 1
3 1
2 1
46 1
11 20
1 3
5 9
1 2
2 1
17 1
17 1
2 1
6 4
5 1
1 3
1 3
1 22
2 6
1 19
1 9
2 3
2 38
2 88
2 1
2 1
1 2
2 1
1 2
2 2
1 3
1 3
4 6
4 6
1 3
2 1
12 1
1 2
1 1
2 1
1 15
349 2
20 2
5 1
33 6
1 2
7 1
2 2
5 1
1 6
1 8
6 1
1 9
7 1
4 2
1 41
2 25
24 1
2 1
2 2
2 1
14 2
1 2
1 4
1 2
1 244
1 7
2 2
71 1
1 1
2 1
1 8
282 1
282 1
2 1
1 4
1 1
1 6
2 2
14 2
121 1
1 13
630 11
3 3
6 2
33 1
33 1
3 12
1 12
1 3
51 2
51 9
1 7
1 4
3 1
2 5
1 5
1 9
1 5
3 1
1 14
13 1
1 82
1 2
1 4
1 2
20 1
3 1
2 2
2 2
2 1
1 2
1 13
8 1
7 2
48 1
14 11
3 81
2 1
2 1
2 1
5 1
15 2
5 1
2 2
2 2
4 1
1 3
2 1
1 5
1 2
1 4
4 12
2 12
1 32
2 1
9 1
1 39
1 5
9 3
2 1
1 2
1 1
3 2
1 6
2 1
1 7
1 4
1 5
15 1
15 1
1 4
17 1
2 1
1 2
34 1
1 154
3 5
4 6
6 1
1 8
3 8
15 40
1 4
208 1
16 1
2 117
1 7
3 1
1 8
7 1
1 2
3 2
6 1
1 6
1 2
2 1
1 2
1 57
47 1
1 2
10 1
7 26
1 2
3 1
12 1
1 7
1 7
1 2
7 3
7 3
12 28
11 1
6 1
6 1
4 1
1 79
1 101
3 1
1 1
3 1
1 20
218 21
1 100
7 1
1 2
4 1
1 6
2 1
1 3
1 14
1 2
2 1
1 2
1 8
1 26
1 2
2 6
2 2
2 1
8 1
1 5
2 5
2 6
1 8
2 1
1 6
2 2
1 64
9 1
16 1
16 3
3 22
11 1
13 1
13 4
3 1
1 13
2 10
2 3
1 63
1 9
1 9
2 16
1 2
1 1
2 1
1 8
2 1
21 1
1 6
89 1
2 1
1 3
3 1
1 4
1 16
1 164
4 1
6 1
1 21
1 4
2 50
13 37
4 25
17 1
2 1
5 1
2 10
1 10
2 1
7 35
4 2
1 2
1 2
1 10
1 2
87 1
5 1
1 25
1 2
3 1
1 2
4 13
4 22
1 1
1 3
1 2
1 2
5 1
23 1
17 132
17 13
2 2
3 2
1 3
1 2
1 20
18 1
1 72
2 27
1 39
4 2
1 2
4 1
14 1
3 1
3 1
1 8
1 3
1 1
13 1
9 16
1 17
1 2
1 2
1 15
1 15
6 69
10 69
1 22
1 2
1 2
2 1
4 1
1 7
2 2
2 4
2 1
3 1
1 6
5 2
3 3
1 1
2 1
2 1
5 1
1 1
2 2
2 1
2 1
1 4
4 1
1 30
1 32
13 1
1 2
3 2
1 2
8 2
21 3
3 3
17 36
17 31
7 4
3 7
2 2
7 1
2 1
13 24
1 6
4 5
2 8
1 83
2 9
2 1
1 21
12 3
3 4
3 19
1 21
6 1
2 3
2 3
2 1
9 1
7 6
7 5
1 2
18 5
18 12
1 2
3 1
3 1
5 1
2 7
8 4
8 20
1 39
2 5
2 16
3 1
1 12
3 1
64 1
2 1
5 1
48 51
13 24
1 3
1 2
1 2
9 1
3 1
1 3
2 22
2 4
2 1
3 5
2 4
2 3
1 1
1 6
2 1
1 154
1 3
9 10
5 8
3 3
3 1
1 7
1 4
10 24
10 1
1 5
1 5
2 1
14 1
27 1
4 9
4 4
1 2
1 3
1 3
1 15
2 2
1 2
2 30
1 2
13 1
1 4
1 2
1 5
3 1
1 21
1 1
1 6
2 1
2 1
1 2
2 6
3 4
1 5
1 14
13 1
1 4
12 1
2 1
4 1
1 15
2 1
1 23
4 3
4 4
1 3
4 2
5 7
1 1
1 4
108 91
1 14
5 3
1 5
10 2
10 7
1 2
2 3
1 3
1 2
7 1
8 1
1 2
1 2
1 2
1 35
1 14
1 14
2 1
1 4
2 7
3 1
65 1
65 40
8 1
13 1
1 123
2 1
2 1
1 105
1 5
1 2
2 1
3 1
1 2
5 30
2 1
1 2
1 2
1 2
2 6
6 4
1 88
10 1
15 1
7 2
1 2
1 2
19 72
3 27
21 16
2 11
3 3
1 40
9 2
9 1
1 38
3 1
53 12
1 2
2 11
2 8
7 1
2 1
3 1
3 2
1 3
2 1
2 2
1 1
2 1
2 1
5 2
1 10
2 68
2 68
10 10
1 44
3 44
1 1
10 5
10 14
1 4
1 3
124 14
86 14
4 1
1 102
1 7
1 4
13 1
3 6
3 9
1 5
1 4
1 17
6 1
5 1
5 2
1 2
1 2
1 10
1 10
3 1
1 19
1 5
6 1
6 1
1 21
121 1
1 3
3 1
2 1
4 4
1 4
3 2
2 2
1 6
2 2
1 2
1 1
2 8
2 1
2 2
2 27
7 27
1 10
3 1
1 3
25 1
1 2
2 2
1 3
20 8
1 20
18 1
1 2
2 1
10 8
3 1
3 1
26 1
6 2
3 1
1 50
3 1
1 13
1 44
1 25
1 3
2 1
1 2
4 1
1 8
6 1
1 2
3 1
1 41
1 4
10 1
2 116
2 1
2 1
7 1
2 6
2 1
1 2
4 1
55 1
5 1
5 1
2 10
1 10
2 5
2 7
2 1
1 2
1 86
1 2
1 2
1 38
3 1
3 1
1 32
3 1
2 13
1 8
2 4
1 2
6 76
2 4
5 6
1 6
13 1
2 1
1 9
1 34
1 25
2 2
1 2
3 1
6 1
6 2
18 1
1 2
11 5
1 14
1 3
12 1
2 1
4 1
16 5
51 1
3 1
11 3
2 1
46 1
1 12
1 16
3 1
2 4
3 1
8 1
5 5
2 1
8 1
8 1
1 44
2 1
1 3
7 1
17 52
2 1
7 1
2 1
1 2
1 123
1 2
1 148
1 1
1 12
4 1
1 171
11 1
1 2
1 2
10 7
10 1
14 2
6 1
3 1
1 1
4 8
4 3
1 6
1 8
3 12
3 9
2 5
2 1
1 38
1 24
2 1
1 2
7 1
53 1
6 1
1 3
2 3
2 1
1 6
1 6
1 6
1 9
25 2
6 2
2 1
7 2
9 2
3 1
8 2
8 2
1 4
10 2
4 2
17 1
1 2
1 63
7 1
1 2
2 1
23 1
21 1
9 1
23 96
24 3
8 23
1 6
11 5
1 2
2 2
96 2
96 6
1 35
1 4
1 2
2 1
1 3
1 95
4 7
2 12
2 12
1 3
6 1
3 1
8 1
1 3
1 4
5 1
17 2
24 1
35 1
11 21
32 26
2 1
3 10
22 10
2 1
1 2
2 1
1 1
1 9
22 1
4 1
86 7
2 1
2 1
3 1
3 2
1 2
5 1
2 1
1 1
1 2
2 1
7 2
1 12
7 3
3 1
15 4
1 3
17 27
1 24
3 7
21 2
2 1
3 1
21 7
1 3
1 8
46 4
46 1
8 1
7 2
1 1
2 2
2 1
1 41
4 41
3 1
1 2
1 6
92 49
1 2
2 1
2 1
5 1
4 1
1 40
3 1
15 1
15 1
6 1
5 2
1 2
2 3
160 1
100 8
100 1
3 7
4 1
4 1
3 2
1 20
1 23
1 2
2 1
1 7
8 5
6 12
10 3
2 2
2 6
1 10
13 1
1 2
24 1
1 2
22 6
7 9
4 4
1 23
1 8
1 2
1 74
15 1
2 6
1 4
1 2
2 1
2 1
2 3
1 2
1 6
1 16
2 1
3 5
4 1
1 5
1 4
1 46
18 1
1 1
2 1
1 40
1 2
1 2
7 1
1 11
1 42
21 1
4 2
1 3
2 1
3 2
1 1
1 63
1 4
36 1
1 9
5 3
2 1
2 1
2 1
7 2
7 1
2 1
11 13
11 1
2 1
1 2
4 1
13 8
13 22
3 19
2 29
2 10
2 4
11 1
2 1
1 8
1 1
1 75
15 1
1 2
2 1
2 1
1 16
1 11
1 2
1 2
1 2
1 2
2 1
1 98
2 2
1 4
2 1
1 3
1 2
2 21
1 39
2 1
2 4
5 1
1 9
2 12
1 12
2 1
4 3
4 3
2 3
4 2
3 29
1 15
1 2
4 3
1 7
2 1
1 3
2 1
1 9
1 30
1 2
1 7
4 1
16 11
7 11
5 11
2 3
7 2
2 1
34 3
3 18
4 7
13 1
6 1
3 10
3 11
4 1
2 2
2 24
1 25
1 8
43 1
1 1
2 46
10 46
14 4
20 1
3 7
2 1
1 3
1 3
1 2
3 1
2 1
1 10
7 1
2 1
3 1
1 3
1 2
1 14
40 2
40 1
11 56
1 3
2 1
3 1
3 1
1 2
4 1
3 1
1 2
35 1
1 2
1 36
2 1
2 31
2 27
8 2
9 1
1 3
9 48
3 1
3 1
1 2
1 12
7 1
1 7
1 4
1 14
1 17
3 1
1 3
5 1
2 3
2 17
1 63
7 31
199 2
75 2
1 8
1 4
1 20
1 10
2 1
1 1
1 4
1 9
3 7
3 5
1 8
1 3
7 1
9 1
78 1
2 1
42 7
70 1
60 7
10 34
10 1
1 1
1 24
21 1
1 4
1 3
1 20
2 1
2 2
2 2
3 1
2 4
1 36
2 3
3 2
1 3
1 1
19 1
2 16
1 4
1 5
7 1
7 2
3 1
1 6
2 1
1 4
3 1
2 1
1 12
1 53
1 17
3 1
3 1
3 2
1 2
1 7
31 5
8 5
1 2
1 2
1 2
1 2
5 7
4 19
6 1
1 2
20 2
104 2
78 1
5 1
3 1
2 1
2 27
1 5
41 1
2 1
1 8
3 8
1 2
19 1
4 1
2 16
1 16
1 2
1 46
1 4
1 60
1 7
4 1
1 2
12 1
1 43
7 17
33 1
1 4
2 1
32 4
1 2
2 4
1 4
2 1
3 7
1 7
1 1
2 4
1 3
3 1
3 1
8 1
1 5
1 3
8 2
2 1
1 4
5 2
3 2
12 1
1 4
12 1
1 2
2 1
4 21
9 1
2 1
1 4
1 19
10 1
18 1
1 11
2 7
1 4
1 4
16 20
15 14
21 4
1 2
1 7
1 6
6 1
6 1
1 2
1 5
1 5
1 8
1 9
9 67
243 18
402 2
75 3
159 1
2 165
13 1
4 1
2 6
4 3
4 1
2 3
1 3
6 1
1 4
6 4
6 12
1 5
30 1
1 2
1 3
3 2
5 2
2 2
4 1
4 1
2 3
1 2
158 47
5 35
6 35
1 11
1 2
1 2
13 1
2 1
2 1
1 43
3 1
2 1
1 2
1 5
3 1
1 2
28 1
32 1
4 1
5 6
1 2
1 3
4 4
1 4
5 1
4 23
4 23
3 1
3 2
3 1
3 16
1 2
34 1
1 2
42 1
2 1
4 7
1 147
2 1
2 1
1 2
2 1
26 36
30 6
4 16
20 1
1 3
1 29
2 1
7 1
1 2
1 4
1 2
2 1
2 1
2 2
7 2
2 3
2 8
6 1
2 1
1 7
2 1
1 30
1 2
1 31
7 1
3 1
1 2
1 32
6 23
27 3
10 20
1 8
1 1
2 1
3 2
14 1
11 1
1 6
1 1
11 1
1 18
4 1
8 14
2 14
2 1
1 7
10 1
3 1
18 3
2 1
2 1
1 3
33 9
1 21
1 21
2 2
2 2
7 23
2 44
4 20
1 2
27 1
1 10
1 14
4 1
2 20
2 1
1 12
21 1
1 14
2 1
4 2
1 2
2 1
1 3
1 73
1 73
1 5
32 8
32 13
3 3
1 7
9 1
5 21
5 3
1 1
15 1
2 4
2 1
1 6
5 1
1 3
1 11
18 1
1 5
18 87
4 111
8 73
10 24
7 10
2 10
1 2
4 5
4 10
8 1
38 2
1 6
1 65
8 12
6 1
3 18
2 1
2 1
1 2
1 2
1 2
14 1
3 51
1 6
1 4
17 1
1 15
1 1
1 3
1 84
55 1
2 1
33 1
1 8
21 1
1 11
1 7
1 7
28 1
2 1
2 1
8 3
6 6
1 2
9 2
9 1
2 1
2 1
36 2
2 1
110 1
4 1
1 2
1 3
1 3
5 5
1 3
1 2
2 1
2 1
9 1
7 1
1 4
5 4
2 3
68 1
75 6
11 6
5 1
17 1
1 9
1 4
10 2
2 3
4 1
2 1
4 1
3 1
1 2
3 1
2 1
4 1
4 1
1 6
14 1
1 3
2 1
2 3
1 2
1 19
1 7
2 3
35 3
3 3
1 4
1 6
2 1
4 1
4 45
1 2
13 1
7 5
4 1
1 33
9 1
1 3
1 3
31 1
1 2
3 1
6 1
93 1
1 25
1 30
1 2
3 3
1 2
1 34
1 6
1 10
1 9
3 1
3 1
1 2
32 4
34 2
1 1
9 7
37 2
1 1
32 5
16 1
11 4
1 4
2 2
2 1
1 3
1 179
1 23
3 2
2 2
4 1
1 2
1 1
2 1
43 1
3 1
20 1
1 3
1 4
1 5
3 5
9 5
1 79
3 34
6 34
3 1
6 2
2 2
1 3
1 3
5 1
1 2
2 1
1 1
2 1
1 7
1 3
1 15
7 1
6 3
9 5
228 1
1 4
1 66
2 1
8 1
1 17
584 14
584 12
1 3
2 1
1 41
1 2
1 2
14 12
14 12
3 1
13 1
1 2
1 2
1 1
2 3
4 3
5 1
2 1
1 3
23 1
12 2
2 1
2 1
1 82
1 20
1 3
1 3
3 69
3 23
4 4
1 46
10 16
8 3
4 2
2 1
2 1
11 30
1 27
58 178
20 4
37 1
31 4
1 16
3 1
2 9
2 1
1 9
1 15
2 1
1 9
1 4
17 1
6 3
13 3
4 2
27 1
1 22
1 5
14 1
1 7
1 2
1 2
1 2
6 1
18 3
39 3
3 1
1 2
1 2
13 1
4 5
1 2
4 1
1 2
4 1
1 25
4 1
1 39
1 3
1 3
1 2
1 3
4 2
3 2
1 1
3 1
1 17
1 3
1 2
4 1
1 227
1 69
22 15
1 5
6 1
1 36
1 6
1 11
16 1
1 4
1 9
1 11
1 9
18 1
1 24
1 1
5 1
5 2
7 2
1 5
2 1
18 16
18 42
1 2
21 1
3 1
2 1
3 20
2 20
1 2
1 47
3 1
3 1
1 4
1 19
1 28
2 27
1 3
2 2
1 1
8 5
8 1
276 1
3 3
2 1
1 2
1 1
1 1
1 2
2 3
1 2
2 1
1 9
2 1
2 1
7 1
2 7
3 1
6 7
6 6
1 14
1 2
3 1
1 14
5 1
1 21
3 1
4 1
4 1
28 1
113 1
1 1
1 1
1 2
6 1
75 2
42 1
1 3
1 4
1 5
5 1
1 7
13 1
25 24
25 3
32 1
2 2
4 1
1 3
5 2
3 1
1 6
5 142
1 84
3 1
1 4
9 5
9 2
1 49
1 49
1 63
3 1
1 4
1 171
1 29
1 11
2 1
2 1
4 1
1 2
6 1
3 1
2 1
1 2
2 1
1 2
1 1
1 16
1 16
2 1
2 1
5 5
2 3
23 2
7 1
4 2
150 31
1 4
1 116
1 2
2 2
1 6
3 1
1 6
6 118
7 3
1 1
1 3
1 3
82 1
2 3
1 2
2 1
2 1
1 2
2 7
4 7
1 1
8 3
9 3
166 1
1 86
1 9
10 33
1 10
1 2
1 43
8 1
1 2
8 1
5 1
2 1
1 2
1 2
3 11
3 7
2 5
1 2
4 2
1 21
2 3
8 1
1 2
7 2
1 1
3 1
3 1
1 2
55 3
11 5
3 1
3 1
23 1
14 10
1 43
14 6
14 1
1 12
1 2
2 3
1 1
2 8
1 122
1 3
1 52
1 57
1 2
4 5
2 36
5 1
1 3
3 2
1 5
1 79
1 2
1 2
8 1
18 1
1 12
2 76
2 70
3 8
1 6
1 57
1 5
2 1
1 27
2 1
2 1
1 26
2 10
3 3
1 8
2 7
16 1
1 53
1 13
1 6
1 4
4 1
1 72
1 37
1 37
1 41
47 2
1 6
23 3
22 2
1 1
6 1
1 1
49 1
1 2
1 9
1 2
1 2
58 1
1 2
1 5
97 1
4 2
4 1
1 7
2 1
1 10
1 9
1 1
3 1
1 10
1 2
10 1
15 4
23 1
8 3
44 1
1 9
1 3
2 1
2 1
2 1
1 3
1 10
1 6
2 5
1 3
2 2
1 3
1 3
1 77
48 29
48 6
1 14
1 11
2 8
1 3
1 18
2 1
15 2
4 1
6 1
2 2
3 1
2 1
1 1
7 2
2 1
3 1
24 2
129 13
10 11
1 5
1 2
1 2
1 182
3 1
2 5
7 4
1 1
5 4
4 4
1 16
1 1
22 1
13 2
1 15
2 1
1 5
3 1
1 4
1 2
1 2
1 4
1 2
7 42
7 5
2 1
1 35
1 2
2 3
2 14
1 53
2 1
17 9
2 1
1 6
1 2
1 3
1 6
1 2
1 114
5 3
10 51
1 49
1 49
6 10
1 2
3 1
1 11
1 16
2 1
4 1
4 1
1 10
2 4
1 2
2 2
3 30
8 2
1 2
1 5
1 7
9 1
5 1
1 26
2 1
4 1
5 13
1 13
2 1
1 7
5 49
6 1
2 33
1 32
1 3
1 3
1 3
3 1
1 3
8 1
4 1
1 2
1 64
1 1
31 1
1 4
15 1
6 14
10 14
1 2
1 83
12 2
21 8
15 1
1 14
31 1
31 1
1 9
3 1
2 4
3 5
1 6
2 1
2 2
1 1
1 15
1 8
1 4
16 1
1 14
4 1
2 1
1 3
5 4
1 3
1 14
7 2
6 1
6 1
44 8
44 2
14 1
9 4
3 1
1 7
14 2
4 1
1 3
3 15
3 1
5 1
1 4
15 2
1 2
5 2
6 39
4 14
42 8
2 6
3 2
1 4
1 4
1 2
1 3
2 1
4 5
1 11
1 11
1 2
1 42
1 35
2 1
1 12
15 25
2 1
4 1
15 14
9 14
4 9
1 2
2 4
3 8
2 16
1 4
45 1
45 1
1 8
2 9
5 1
3 6
2 9
1 5
4 3
1 2
1 2
5 1
1 9
2 1
1 24
2 1
39 2
1 10
9 1
1 7
2 10
1 8
11 1
10 1
5 3
3 7
1 3
1 4
1 4
3 1
162 1
4 1
5 2
3 2
3 1
1 2
5 1
2 1
9 1
4 1
1 4
153 6
35 6
4 1
2 1
1 1
1 9
1 9
82 1
2 11
10 1
1 2
4 3
1 7
1 32
1 3
1 2
1 6
3 1
2 2
2 1
2 15
1 18
3 1
3 4
24 1
24 9
1 6
2 3
2 1
2 1
1 1
7 1
1 7
1 77
1 101
3 1
32 1
141 4
296 2
20 2
1 7
2 7
4 2
14 1
2 1
1 3
1 2
1 2
1 7
1 10
1 2
5 4
1 19
3 2
1 4
7 1
1 2
1 4
8 1
8 2
1 2
1 8
2 1
1 4
1 3
11 1
1 6
10 1
1 11
10 2
10 2
4 2
4 3
2 1
1 5
1 90
3 1
6 3
7 2
5 2
9 9
2 1
2 8
1 10
1 2
1 2
1 166
1 166
1 3
11 1
11 1
2 1
2 2
2 1
2 1
12 3
5 3
2 1
1 3
3 1
11 6
2 1
11 1
1 9
1 9
7 1
4 5
1 2
1 2
1 11
2 34
2 11
1 3
1 2
1 2
15 1
3 1
7 1
1 14
1 15
129 1
1 4
1 5
4 1
2 1
1 9
1 16
2 9
1 3
1 2
1 8
2 119
3 43
7 43
1 3
1 77
1 7
4 3
3 2
2 4
4 1
1 30
1 2
3 1
1 2
10 3
1 4
2 1
3 1
1 72
3 1
2 1
1 54
5 1
2 4
1 26
1 2
1 5
1 5
3 1
1 14
14 1
5 1
11 1
1 6
1 6
12 1
1 2
36 1
2 3
8 1
1 5
1 17
1 17
13 3
10 2
3 1
124 1
124 1
1 6
1 6
129 1
20 1
1 12
1 2
1 14
1 2
2 1
1 1
1 61
1 40
1 1
4 1
2 1
7 16
7 3
36 1
2 1
4 2
14 2
9 8
9 6
2 1
1 1
10 1
1 14
3 1
8 14
2 13
1 2
1 11
1 6
1 2
1 2
1 34
2 1
43 1
1 13
1 130
2 1
2 4
1 2
1 1
7 1
3 1
81 1
1 20
12 12
1 2
1 3
1 2
1 33
12 5
12 9
3 1
7 9
1 38
1 6
8 2
17 2
1 14
51 26
51 14
4 1
1 60
10 1
6 1
4 2
7 1
1 2
6 1
2 1
7 1
1 3
1 5
1 17
1 2
6 1
13 1
2 1
1 2
18 1
1 21
1 2
2 2
1 17
1 39
2 98
1 2
1 10
1 10
2 1
24 1
4 1
2 1
2 1
7 2
1 2
25 1
6 14
4 14
1 4
1 1
1 134
121 6
155 6
2 5
10 5
2 5
3 1
1 3
1 72
1 4
2 2
2 2
5 48
2 3
7 1
1 6
4 1
1 2
1 4
11 1
1 6
1 6
2 1
13 2
13 1
1 2
1 4
4 7
2 7
6 3
16 4
12 2
12 2
1 25
1 4
1 3
1 3
1 6
1 20
1 2
55 1
55 13
1 1
1 2
1 4
2 1
9 1
9 5
2 1
2 2
25 1
2 1
2 16
4 1
42 7
2 2
2 1
1 4
1 3
2 1
2 1
1 3
1 2
1 4
36 1
8 4
3 19
1 19
3 1
3 1
8 1
2 1
9 1
13 1
1 2
1 3
1 59
7 1
7 1
2 1
2 1
6 1
11 1
1 23
234 2
234 15
3 1
6 1
4 2
5 1
5 2
1 1
1 10
25 1
2 1
2 1
3 20
2 2
1 2
1 11
1 2
89 1
5 29
7 3
7 3
1 3
2 2
1 2
2 1
1 1
2 1
1 13
2 12
1 2
2 1
9 1
11 4
2 1
2 122
1 35
1 9
1 1
1 6
1 40
15 1
1 18
1 192
2 1
2 1
14 1
2 1
1 21
3 21
11 1
11 1
1 18
19 1
8 2
622 2
1 2
1 2
1 2
1 12
2 2
3 1
1 2
4 1
2 1
48 31
2 1
2 15
1 3
1 3
1 17
2 1
4 1
1 3
4 5
7 5
13 1
2 1
1 3
10 5
2 2
11 1
1 3
3 1
1 2
1 3
1 6
3 1
1 6
1 44
1 3
11 1
1 6
7 1
18 1
6 1
1 3
1 53
21 1
21 1
1 8
4 1
1 24
1 3
1 143
3 1
10 1
32 2
32 1
1 3
1 7
9 7
1 11
2 1
2 1
3 1
1 8
1 2
4 1
1 2
1 2
4 1
1 2
2 2
1 7
1 1
1 3
15 4
1 9
1 2
1 4
1 2
1 96
1 44
2 1
14 1
1 2
1 5
2 1
2 2
1 1
1 9
1 4
2 8
1 2
1 2
2 1
36 1
5 1
35 4
7 4
1 2
3 5
2 5
27 1
1 2
3 1
1 3
1 43
1 27
1 3
2 1
2 1
6 10
6 8
2 4
10 2
4 2
4 2
5 2
1 15
1 7
2 13
1 18
3 11
1 113
1 4
1 29
2 27
1 47
2 45
1 2
1 2
2 1
9 1
1 17
1 2
4 1
4 1
8 1
14 1
2 1
1 2
1 4
3 1
1 37
1 8
33 7
3 2
86 1
53 1
1 2
1 15
2 1
4 4
3 4
2 6
4 6
4 1
1 2
1 8
4 1
1 3
2 4
1 2
1 2
2 1
2 1
2 1
71 20
106 20
27 2
24 1
1 74
1 19
2 1
1 2
1 39
1 2
1 7
17 1
1 6
6 1
6 10
6 16
6 25
2 12
1 15
5 3
15 5
1 2
6 1
1 25
88 1
1 93
5 1
3 2
3 6
9 6
9 1
2 2
2 6
1 7
1 2
1 2
12 2
5 2
6 1
1 2
4 1
5 1
10 11
16 11
2 1
1 48
4 48
1 4
60 7
37 7
6 17
5 74
11 3
1 71
89 1
7 2
2 1
7 1
1 4
6 1
7 1
2 1
16 1
1 18
2 1
13 1
9 2
9 2
11 1
9 2
5 9
8 16
1 7
6 1
1 11
3 96
3 40
4 4
3 2
2 3
5 1
1 2
10 1
1 8
2 1
37 1
1 4
1 14
2 1
1 3
8 1
1 11
1 11
1 38
2 16
2 5
1 22
1 6
1 6
13 1
4 2
1 3
4 1
1 2
3 1
1 9
1 151
1 5
3 1
1 2
2 1
2 2
1 1
8 1
1 11
1 26
3 1
10 1
7 1
1 53
1 6
1 9
77 2
1 4
10 1
22 3
1 30
1 2
2 1
2 1
1 1
15 20
15 4
1 3
1 3
19 3
3 3
1 2
12 1
1 2
1 2
48 1
4 1
1 9
1 2
5 1
1 7
3 1
1 4
26 1
10 1
17 3
9 2
2 3
3 3
1 4
1 4
6 1
16 1
1 2
1 15
6 1
1 26
4 1
1 2
5 1
6 1
11 1
6 1
2 1
2 2
1 3
15 1
6 1
3 1
35 1
3 7
1 7
1 2
7 2
2 142
2 142
4 1
1 2
15 6
15 3
3 1
15 24
6 4
1 7
2 3
5 6
1 3
1 5
2 170
1 1
1 6
4 5
4 5
26 9
1 9
1 11
1 36
4 15
1 6
1 6
1 2
2 1
1 16
1 4
2 1
12 2
12 1
6 3
4 3
3 1
1 17
2 17
1 57
1 15
2 1
2 1
9 1
1 7
8 1
45 2
4 1
1 8
11 3
4 3
5 1
1 5
85 47
85 59
1 4
3 1
4 4
10 2
6 1
4 3
2 1
7 1
1 5
2 4
1 2
2 1
11 1
1 81
6 43
3 36
1 2
1 192
5 1
32 1
7 1
7 1
3 177
6 177
4 4
4 3
1 14
1 5
6 3
1 93
87 1
5 1
2 2
1 2
1 4
1 2
4 1
3 1
1 2
9 1
9 2
1 3
1 8
1 2
1 3
4 4
7 1
2 11
2 41
4 1
1 18
17 10
1 2
1 6
2 4
1 4
9 1
9 4
1 2
3 2
3 9
1 2
1 8
1 3
3 1
1 9
3 1
5 3
5 4
2 1
1 10
2 26
1 10
1 4
1 14
1 31
3 1
2 7
3 2
1 4
13 1
5 1
3 3
3 35
1 25
2 15
2 11
32 1
6 1
1 65
1 2
1 2
1 1
10 1
1 17
2 2
1 7
1 2
1 2
10 1
21 1
2 1
2 1
1 19
2 8
3 1
5 5
1 4
1 4
2 6
4 6
1 1
1 3
1 3
1 35
1 35
1 2
2 2
2 1
2 5
2 2
9 1
2 1
2 1
2 1
11 1
1 44
13 44
1 2
1 2
26 1
1 7
5 1
1 30
1 4
3 3
3 2
1 403
10 1
2 3
2 9
2 1
2 2
1 8
8 2
1 4
5 1
1 4
12 1
4 3
5 4
4 1
1 3
2 1
2 1
2 1
2 95
2 81
2 1
2 1
1 7
235 1
1 3
1 2
2 1
2 1
2 1
2 1
1 3
1 3
1 151
2 1
81 1
1 4
14 80
4 61
1 24
1 7
1 7
3 6
3 5
2 1
1 4
1 3
5 3
2 3
18 14
25 1
25 1
1 2
1 2
1 58
6 4
12 1
2 3
4 2
2 3
3 1
1 37
29 1
1 25
51 1
1 125
3 6
1 4
1 6
66 4
58 4
1 4
1 2
1 2
1 2
1 18
2 1
1 5
7 6
5 2
1 5
3 1
1 2
13 1
1 2
2 6
3 5
2 4
3 3
1 1
2 7
2 14
2 1
3 37
3 9
14 1
51 1
10 2
1 3
2 1
3 1
8 1
2 1
1 2
4 1
17 1
17 1
1 32
1 3
1 2
1 2
15 78
2 24
1 56
1 54
1 26
1 26
5 2
235 1
1 1
1 53
3 7
17 3
3 6
14 4
1 17
1 2
1 2
2 1
1 16
1 8
1 8
11 1
12 1
1 2
2 4
5 4
40 24
110 24
1 9
4 9
1 4
3 1
2 1
2 1
1 26
3 1
1 2
3 3
2 1
3 1
4 1
4 1
2 1
18 1
2 3
1 3
3 7
1 7
7 3
1 4
2 1
1 6
1 8
1 2
3 1
6 1
2 2
3 1
5 2
1 1
1 7
1 2
58 1
58 1
1 2
4 1
1 2
1 4
27 35
6 35
2 6
3 1
1 9
4 4
2 5
1 2
1 29
1 9
1 8
1 3
1 4
1 4
5 5
1 1
3 1
1 1
3 1
3 1
1 4
1 1
1 4
2 1
3 1
6 1
1 6
1 2
1 4
4 1
5 1
1 2
3 1
1 33
1 50
12 8
12 7
3 1
1 119
1 2
1 30
1 56
1 56
1 2
1 71
6 1
1 2
10 2
8 1
3 2
15 1
1 10
7 1
29 1
29 1
7 1
4 1
4 1
2 7
2 19
2 4
2 2
1 2
1 147
10 1
8 1
8 1
2 1
2 3
1 7
1 7
1 3
11 1
12 1
1 2
8 2
4 1
10 10
10 66
4 108
1 20
20 1
72 24
1 6
6 3
6 1
2 1
1 18
3 1
12 1
19 2
49 2
1 33
3 29
2 5
2 1
3 1
2 1
24 24
4 30
13 5
15 11
9 6
2 1
2 1
2 1
1 11
182 1
6 1
2 1
1 3
1 5
1 5
5 1
1 21
2 1
1 10
1 10
2 13
4 2
1 24
5 13
3 11
3 1
3 1
3 1
1 2
1 6
43 69
43 64
1 151
7 1
1 2
1 4
2 2
2 2
1 2
1 2
1 3
2 13
2 1
1 15
1 15
1 1
1 2
2 1
1 8
3 8
1 2
1 24
3 3
5 1
1 46
2 6
3 6
1 2
1 23
1 1
2 1
2 2
2 78
1 41
4 3
3 3
1 27
7 1
1 5
1 6
1 44
1 2
1 40
1 7
1 218
7 1
3 4
3 1
9 1
9 1
1 108
1 2
5 1
5 1
1 1
2 6
4 1
4 1
1 20
2 1
1 2
2 8
1 9
1 1
1 9
1 16
1 107
1 6
1 7
2 3
9 4
9 20
1 4
6 1
4 3
3 2
1 2
6 1
2 1
2 21
2 11
1 27
3 17
1 10
4 35
20 35
2 1
2 1
1 2
1 1
39 1
3 1
1 66
1 2
28 1
1 5
1 3
1 21
3 22
1 133
2 32
1 111
22 4
5 1
5 1
20 1
60 15
60 3
1 2
2 1
2 1
1 4
1 2
2 2
1 3
2 3
1 1
1 66
7 1
1 8
3 4
5 11
1 74
1 7
5 1
1 2
81 1
81 1
1 3
1 24
1 4
3 3
2 4
1 2
2 1
1 3
1 2
1 6
1 1
2 1
1 33
1 11
1 11
1 15
1 63
3 55
3 19
3 1
1 3
3 2
1 57
35 1
3 2
25 1
13 2
22 1
8 11
3 1
4 18
39 1
2 28
2 28
1 1
5 1
2 1
3 3
2 3
19 1
1 12
6 1
1 3
13 2
1 2
1 3
5 1
5 1
10 1
9 1
1 99
52 1
52 1
1 2
2 1
1 3
5 14
1 14
1 6
2 1
11 1
2 15
4 15
2 4
3 2
2 4
3 2
1 2
2 1
1 19
1 15
1 3
2 2
2 2
1 4
2 2
4 1
2 1
1 2
12 1
1 15
13 28
167 16
112 15
55 12
12 1
1 4
139 4
22 4
7 5
5 5
1 15
2 1
5 3
5 1
3 1
4 1
1 2
3 2
1 12
2 10
2 1
1 3
1 3
1 2
1 5
10 5
6 1
1 6
2 4
1 3
2 1
44 1
5 14
5 6
1 5
1 11
2 2
21 186
2 186
7 1
1 3
2 1
1 2
49 3
287 3
2 6
2 4
87 1
1 1
3 1
3 6
51 1
51 1
1 2
28 10
28 4
1 6
1 2
3 2
3 5
12 2
1 2
6 2
4 2
1 6
1 6
15 1
1 48
1 18
11 1
7 2
11 2
7 3
4 1
12 1
4 1
15 1
2 1
1 2
4 1
18 2
10 2
2 2
8 3
8 2
1 2
1 2
1 58
1 14
3 3
2 1
8 3
7 3
1 2
2 2
7 1
7 1
5 1
15 3
1 25
26 1
25 13
1 52
40 2
2 1
8 3
12 1
1 3
4 2
1 2
1 6
1 3
1 3
1 6
1 6
20 5
2 5
1 2
1 35
12 1
13 1
1 15
1 3
1 32
1 32
6 1
21 14
7 14
2 1
1 9
1 9
1 11
1 2
14 1
1 2
1 2
2 1
1 1
6 3
6 11
16 11
27 1
1 3
2 2
1 2
5 1
80 1
2 9
45 5
412 1
2 1
2 1
8 1
8 1
1 3
2 1
1 2
1 4
1 4
1 2
17 26
17 4
1 5
6 1
3 1
2 12
8 1
1 9
18 1
3 10
1 13
2 1
2 4
1 3
199 14
199 7
1 63
20 2
30 2
8 1
1 6
5 1
9 2
1 14
41 3
1 38
1 134
1 4
1 4
23 4
17 1
11 1
11 1
1 3
12 1
3 1
2 1
1 3
2 1
630 1
630 3
8 1
1 3
1 3
2 2
9 2
4 1
3 47
3 34
2 1
2 1
7 1
2 2
1 2
1 1
1 4
1 4
1 4
8 1
1 7
6 2
4 2
5 2
4 2
1 24
2 3
2 3
1 2
1 2
1 7
37 1
37 12
1 6
1 7
2 1
1 7
1 3
1 3
8 3
41 1
8 8
1 8
1 3
1 43
4 1
4 7
2 6
1 3
5 2
4 1
4 1
2 30
2 18
1 2
2 15
1 15
1 3
1 202
12 1
4 12
4 19
1 94
164 76
164 57
1 10
6 1
1 8
3 12
25 12
20 2
7 1
1 6
5 6
1 4
1 3
8 1
1 3
2 9
2 3
1 20
12 1
2 1
2 11
2 1
1 69
2 2
2 2
1 1
1 6
2 1
29 23
3 25
7 3
25 5
4 2
1 2
1 2
3 2
1 3
3 1
1 2
2 1
3 1
2 1
1 5
2 13
2 1
1 3
5 1
1 1
3 5
166 1
9 1
9 2
1 51
5 11
2 1
2 1
1 85
1 1
5 4
7 3
6 1
2 1
5 1
1 14
1 20
37 1
37 3
23 20
10 1
1 37
2 14
2 7
5 1
23 1
2 99
1 99
1 2
1 2
35 1
3 2
2 1
1 8
2 1
3 2
1 2
2 1
2 1
2 1
2 1
5 1
3 1
3 1
1 52
1 2
17 1
4 1
4 1
2 2
2 1
4 2
6 2
1 2
3 1
1 4
4 1
1 2
1 2
1 4
1 4
2 1
1 3
1 3
1 2
1 7
3 7
2 2
8 1
1 1
13 1
2 1
1 2
1 2
1 8
2 1
2 1
2 5
1 3
1 4
1 4
1 25
2 1
1 21
1 7
1 2
10 1
1 6
3 1
15 1
15 1
2 19
2 1
1 3
1 2
1 2
43 1
1 64
1 16
10 16
1 2
4 2
2 2
1 2
2 3
2 9
2 18
1 1
10 1
1 31
1 3
2 1
2 1
1 2
1 1
2 1
1 25
54 1
5 1
2 2
11 2
3 1
7 1
1 10
7 1
1 9
3 2
6 2
20 1
20 11
4 1
1 6
13 1
1 3
1 7
6 1
1 10
16 1
16 7
12 1
2 1
10 23
2 23
1 2
1 1
1 35
1 7
1 7
7 3
1 2
9 20
9 7
1 13
2 1
47 1
47 1
3 1
1 3
3 33
10 33
4 1
1 4
1 1
4 37
1 37
1 8
5 2
4 2
1 28
1 29
2 1
1 2
3 1
1 2
1 2
1 30
1 9
2 1
2 1
1 9
4 9
9 1
2 1
4 1
1 4
1 2
2 2
6 2
1 5
1 17
4 3
3 4
15 63
121 63
1 7
38 1
1 72
9 1
2 1
4 1
4 7
1 4
85 1
5 1
4 2
7 1
2 2
3 1
2 2
3 1
7 2
1 2
51 1
7 1
1 6
1 4
1 4
2 25
2 22
1 2
1 2
1 4
2 1
7 3
4 19
1 4
1 4
1 4
1 11
1 8
5 1
1 5
1 12
3 1
1 2
3 1
1 2
2 1
1 15
1 5
5 5
1 2
17 1
2 1
2 1
1 2
1 2
4 1
5 1
42 1
1 2
36 1
1 4
2 1
2 2
9 1
20 2
4 2
23 1
19 1
3 1
3 18
8 18
1 7
1 25
1 5
1 2
1 2
30 7
10 35
24 28
1 2
1 15
1 13
1 2
1 4
2 1
7 1
2 2
3 2
1 7
2 6
1 2
1 1
1 3
4 1
2 4
2 8
1 3
4 1
1 34
25 4
1 8
14 1
12 5
13 4
10 4
55 1
3 27
1 2
3 2
1 52
3 1
1 2
1 3
1 3
12 3
1 14
2 2
1 2
16 1
1 1
4 1
90 1
1 2
1 4
3 6
12 4
8 2
11 1
11 1
2 1
6 1
9 1
1 2
1 2
1 2
2 1
2 1
1 34
1 88
2 8
3 7
2 4
3 3
1 1
1 12
2 1
9 2
13 4
6 4
3 2
4 2
2 4
3 1
1 2
2 1
2 9
2 2
1 2
4 1
1 3
2 1
1 10
1 21
1 21
9 1
3 3
1 10
2 1
2 8
1 7
3 1
1 22
3 2
3 2
1 7
3 1
1 2
3 1
1 2
1 2
10 1
12 1
1 5
3 1
3 7
10 3
6 1
6 1
1 2
2 2
1 2
3 1
2 5
2 2
4 1
3 1
3 1
1 3
2 1
53 1
1 2
20 1
3 1
3 1
1 4
72 26
1 2
12 1
1 10
1 28
1 121
3 1
1 4
1 73
1 8
1 2
1 2
2 1
1 1
2 1
4 1
2 15
1 2
1 2
2 1
13 2
1 2
18 1
18 1
5 2
5 5
1 2
1 2
1 4
3 1
3 1
6 3
11 1
4 3
13 1
7 2
1 3
5 1
1 5
6 1
2 2
5 1
2 1
2 2
3 1
1 2
1 1
1 1
25 1
1 7
1 9
6 1
4 1
7 1
134 73
1 4
41 1
1 2
1 31
2 19
2 7
2 2
4 6
1 3
18 2
18 3
1 7
16 1
16 1
1 21
11 2
11 1
3 7
6 2
5 2
5 1
12 2
12 1
1 14
1 8
6 1
6 3
1 4
1 2
1 21
3 1
3 1
4 1
10 1
1 2
10 1
2 1
24 41
12 41
1 3
1 2
1 13
5 2
4 1
1 2
3 2
4 2
1 2
1 17
1 17
1 2
1 2
4 1
16 1
16 1
5 11
5 3
1 32
1 13
35 1
2 1
1 6
1 10
1 10
3 1
1 2
1 3
1 61
2 1
1 2
1 2
4 1
41 1
9 30
3 4
3 1
5 1
4 1
4 2
1 84
2 1
1 112
1 2
1 39
1 4
1 6
3 11
1 10
1 9
2 1
4 1
9 12
1 6
3 1
1 8
1 8
2 5
1 3
3 1
2 1
1 5
1 5
2 1
1 2
1 2
1 57
1 57
14 1
1 4
1 10
1 15
1 15
2 1
5 1
1 3
8 3
2 1
1 10
1 2
2 1
10 1
2 1
1 2
1 2
6 2
6 7
1 3
1 27
1 2
3 1
2 1
9 1
20 1
1 61
7 1
5 4
5 1
1 2
10 4
5 4
1 3
1 3
6 3
24 3
1 1
6 1
186 3
173 3
19 6
167 3
19 14
19 8
1 12
5 1
1 60
1 64
1 40
1 14
2 3
5 3
2 3
2 3
1 3
1 2
8 1
1 2
1 8
3 1
6 4
2 3
9 2
9 2
5 1
39 1
1 3
1 10
1 4
1 4
27 1
5 1
2 1
6 1
1 2
1 80
19 34
17 77
33 13
3 56
16 43
2 1
1 2
2 1
1 24
1 11
1 2
9 1
1 9
1 4
14 1
14 2
1 4
3 1
1 3
13 1
1 8
2 1
3 2
6 6
8 6
10 1
10 1
1 5
1 2
2 1
1 5
1 5
1 2
12 1
1 3
16 1
1 7
6 1
1 2
9 1
29 3
29 2
10 1
1 15
1 8
1 14
2 1
1 73
18 9
7 9
1 3
1 18
12 3
12 1
1 14
2 1
2 5
2 34
8 1
8 1
61 1
4 1
2 1
1 4
1 3
20 4
20 6
1 7
1 7
4 1
1 5
1 5
1 6
3 1
3 1
1 2
1 13
1 66
2 1
2 2
18 1
5 1
1 40
5 1
3 1
1 2
1 2
2 1
1 2
1 34
1 2
2 1
1 93
2 1
2 2
2 2
1 3
1 4
1 3
3 6
3 2
1 4
1 8
9 1
9 1
3 1
1 2
2 1
1 3
4 1
6 1
1 12
4 1
5 1
29 1
29 1
1 2
6 3
6 1
1 1
1 21
2 8
2 42
2 1
1 18
1 15
2 38
1 189
60 1
4 1
4 1
1 81
1 2
1 2
4 1
9 1
1 5
1 5
1 3
1 2
6 1
1 5
1 5
70 1
9 1
13 15
12 5
13 4
1 1
2 1
1 2
2 1
3 1
11 4
2 1
1 3
9 1
23 1
8 1
1 26
1 2
1 2
2 2
1 56
2 1
8 1
1 2
1 131
1 8
9 6
1 8
2 1
1 4
1 3
72 3
72 2
1 33
2 1
2 1
1 10
1 10
1 2
5 1
2 1
1 3
82 1
1 57
2 34
5 34
3 2
1 2
4 1
1 2
1 3
1 3
2 1
1 2
1 2
11 2
1 2
2 3
2 1
9 1
1 4
3 1
1 1
1 3
1 24
2 1
2 1
7 2
4 1
10 1
3 1
1 7
2 1
2 1
1 2
5 13
5 10
3 14
65 1
6 1
10 1
4 1
4 2
3 21
3 1
2 1
7 2
6 2
1 65
1 8
1 8
1 46
1 26
82 1
1 2
1 3
1 69
2 2
4 2
1 5
1 13
13 2
12 2
3 69
1 103
2 16
2 50
1 34
6 1
13 6
86 6
3 2
1 2
1 7
18 1
18 1
36 1
1 8
1 94
1 4
6 1
1 2
2 52
1 59
2 10
1 17
1 7
15 1
1 2
60 1
7 1
1 3
2 3
6 5
6 1
2 1
2 1
2 1
12 1
2 1
1 39
3 1
6 10
6 23
2 1
2 1
2 2
1 1
1 4
4 1
2 1
1 101
2 2
2 9
1 2
1 4
1 15
3 1
4 1
10 2
5 3
14 1
9 1
68 2
68 1
1 13
1 7
3 4
1 72
1 1
8 1
1 2
2 1
1 2
6 1
7 7
3 4
2 11
8 8
1 3
4 1
1 4
9 8
5 9
13 1
1 2
1 11
1 2
1 9
1 3
4 2
4 6
1 2
2 2
1 5
2 4
1 4
1 2
1 7
2 7
2 1
9 1
2 1
2 1
1 10
3 10
5 1
1 2
1 2
1 6
3 2
3 1
2 1
1 4
1 4
3 3
1 2
3 1
2 1
4 1
1 1
12 1
1 2
1 4
1 2
1 2
2 109
1 109
1 2
1 19
1 6
2 5
2 1
1 1
1 11
57 2
60 2
2 1
1 9
1 2
3 1
2 2
2 1
41 2
41 6
2 1
1 295
3 1
3 2
2 1
4 10
4 12
5 3
1 9
3 1
12 1
2 1
2 1
2 7
15 7
1 12
1 3
12 1
1 2
1 4
1 4
1 33
23 1
1 5
15 1
2 1
16 33
16 16
1 3
2 1
1 8
2 13
1 20
1 7
1 2
1 3
1 5
9 1
17 1
27 7
54 7
1 36
3 1
3 1
11 1
21 26
5 26
2 1
1 3
1 6
1 2
1 4
10 1
3 2
1 2
7 1
1 3
1 3
1 3
3 1
4 1
1 2
4 1
3 1
1 2
2 1
1 2
1 1
3 1
20 8
1 2
74 1
1 123
1 44
2 3
1 2
6 4
1 4
1 73
11 1
1 3
1 19
1 19
2 3
1 3
1 3
14 1
1 35
3 1
2 1
3 1
1 77
3 1
3 7
3 6
6 1
117 2
3 1
1 4
1 185
4 1
1 22
1 2
1 2
6 1
1 3
1 2
1 4
159 33
159 1
6 2
13 5
7 4
1 1
1 1
1 7
1 11
7 219
10 219
14 1
3 1
1 3
1 7
12 1
5 1
7 5
4 5
1 6
2 1
4 45
1 2
1 2
6 1
4 2
20 2
14 1
2 1
2 2
1 2
6 1
2 1
2 1
29 10
29 5
1 3
1 3
7 2
15 2
8 1
1 22
31 2
31 4
1 5
1 5
1 1
2 1
4 1
6 31
111 31
3 1
1 8
1 3
1 3
8 1
1 9
2 9
21 1
1 2
1 3
2 1
4 1
1 2
1 2
9 1
2 1
26 1
16 1
1 5
1 138
1 4
9 1
1 10
1 10
55 1
1 3
2 1
1 2
2 1
1 2
1 1
1 2
13 1
1 16
1 25
1 25
32 6
24 6
9 10
3 12
4 4
8 6
1 2
1 20
3 1
21 1
3 1
1 49
1 49
1 2
3 1
1 6
2 1
4 1
6 1
1 2
1 1
2 1
1 11
2 2
2 5
1 6
2 1
1 5
1 5
1 1
1 2
4 1
5 1
1 6
20 1
4 1
34 1
1 2
6 1
1 2
14 1
14 1
1 11
1 4
1 8
3 1
49 1
2 1
4 1
1 4
1 4
1 20
16 1
1 4
3 1
41 7
3 8
6 2
38 3
3 1
15 1
9 1
3 1
1 8
3 5
3 1
2 1
2 1
3 1
1 1
63 1
1 4
1 2
2 1
1 10
2 7
2 40
3 12
3 134
2 9
2 16
44 5
3 7
42 1
39 2
1 35
1 2
1 2
3 14
1 24
2 27
1 10
3 45
49 45
113 1
1 3
23 1
1 5
4 8
1 4
2 1
5 1
1 2
1 2
1 9
2 1
1 2
8 3
11 6
5 6
3 3
1 6
1 1
1 3
1 2
1 2
3 1
1 10
55 3
55 1
2 1
32 1
568 22
62 22
4 1
4 1
5 3
5 1
1 19
1 3
2 1
3 1
5 1
1 4
1 4
1 2
36 1
1 1
2 1
9 18
10 18
1 4
1 2
1 4
1 4
1 2
2 3
2 1
12 1
1 4
3 1
1 13
3 13
23 1
8 1
8 2
1 1
4 1
1 108
1 108
23 113
88 113
1 2
1 25
2 3
2 3
1 72
1 68
1 5
3 1
4 2
1 2
6 1
4 1
1 2
2 2
1 10
1 11
2 48
1 48
1 1
2 2
2 2
1 2
1 2
1 2
1 2
2 2
6 2
6 1
4 49
1 60
4 4
3 11
2 1
2 1
2 2
1 33
9 1
9 13
3 6
4 6
2 1
2 1
6 12
5 12
1 122
1 6
2 3
2 5
1 2
88 1
3 1
1 2
1 2
2 2
1 4
1 12
2 3
9 1
8 3
3 1
1 2
9 1
1 53
1 3
1 3
1 2
1 2
1 17
1 2
2 2
2 1
1 2
3 1
11 1
1 4
1 12
1 6
41 2
34 1
22 4
12 1
1 3
33 1
2 12
2 8
28 7
4 8
23 4
9 5
19 1
3 9
13 2
2 12
14 5
11 7
2 1
6 1
4 22
4 22
1 21
2 1
1 2
1 24
2 2
4 2
24 1
8 3
12 1
20 3
4 2
1 49
3 1
2 1
1 11
2 1
6 2
6 2
1 13
4 1
4 1
1 58
14 1
4 1
4 3
1 3
2 1
7 1
60 1
1 8
1 8
1 1
6 1
1 53
2 4
1 4
1 3
1 3
8 1
5 4
5 5
1 20
1 4
49 1
1 2
3 1
1 11
5 2
2 2
1 2
1 2
2 1
4 1
1 3
1 3
1 2
1 2
2 6
1 13
2 7
1 14
1 7
34 1
1 4
2 1
2 2
1 2
5 1
20 2
22 1
3 2
2 1
2 2
5 1
2 2
5 1
3 1
1 3
1 2
6 1
1 2
3 1
3 1
12 1
2 7
2 136
1 20
2 4
2 3
1 6
1 2
1 6
2 2
2 4
7 1
7 4
6 7
6 8
1 5
1 5
6 1
4 1
1 4
3 1
1 1
1 7
2 1
1 2
5 2
3 2
1 28
1 28
1 11
1 8
1 37
2 37
17 1
1 2
1 2
1 2
1 6
2 12
2 2
2 25
9 25
6 9
6 5
8 2
2 2
20 5
15 4
2 3
33 2
13 1
1 3
1 41
1 2
1 2
1 7
1 6
11 1
1 2
11 1
1 2
3 1
1 105
4 1
1 4
1 2
2 2
2 3
1 16
50 2
128 2
1 1
3 1
1 4
2 1
1 2
2 1
1 2
1 1
16 1
2 1
1 2
2 2
2 1
20 1
1 2
1 8
1 8
1 2
69 4
86 3
19 2
136 1
67 1
6 2
2 2
1 2
1 2
41 1
12 1
12 1
5 1
1 4
5 1
2 1
17 11
17 10
1 41
3 1
1 4
1 2
7 1
1 12
3 4
3 1
5 1
5 3
5 1
1 5
10 16
1 16
1 6
8 16
8 24
1 10
2 1
3 1
1 2
97 1
1 4
2 1
3 1
1 13
1 13
6 1
1 6
2 6
3 1
3 6
2 1
1 17
4 3
1 2
1 15
4 15
8 3
8 1
2 1
4 122
6 1
34 3
19 1
13 3
6 2
7 1
2 1
3 1
1 2
5 1
1 2
1 5
2 1
3 1
3 1
3 1
2 2
1 2
1 4
2 1
2 1
1 4
1 22
1 22
1 8
3 7
1 7
2 1
2 8
7 10
8 13
1 15
1 2
37 3
16 3
7 1
7 1
3 2
5 2
5 3
2 1
1 2
1 44
1 163
18 1
3 1
8 1
1 2
1 2
2 8
1 3
2 45
3 45
1 6
4 4
4 1
1 2
1 3
1 7
1 9
1 7
1 4
1 27
1 3
11 1
7 1
7 1
2 1
1 1
1 10
1 1
1 22
1 2
1 1
1 23
1 12
1 8
1 7
2 1
1 69
1 1
2 1
2 2
1 3
8 1
8 1
4 1
1 2
7 1
12 2
3 3
4 3
11 4
1 1
3 1
7 1
47 1
1 3
1 3
30 1
3 8
2 8
1 2
1 3
13 3
7 1
7 16
1 2
1 113
1 2
9 1
1 2
2 9
2 2
4 1
2 1
8 1
2 1
1 189
1 2
2 1
2 1
3 11
3 6
1 64
1 64
16 1
1 7
5 1
1 10
8 1
3 1
1 2
1 63
1 63
1 2
1 2
47 4
10 6
22 6
35 8
12 2
11 1
4 2
1 2
3 3
1 6
3 27
1 30
2 3
13 10
21 10
9 1
4 1
24 1
1 40
53 1
1 2
11 1
11 1
1 2
4 1
1 8
13 2
13 1
1 2
8 1
1 25
1 6
2 1
1 1
2 7
3 7
1 2
1 244
7 5
4 5
3 1
2 1
2 6
27 1
1 3
1 2
1 2
1 8
1 2
1 2
1 2
3 71
2 71
1 2
2 1
1 5
1 6
6 1
2 3
2 3
2 1
3 1
1 4
2 4
1 3
1 1
132 142
30 142
8 11
8 5
5 1
1 28
1 2
1 2
2 2
4 2
1 5
2 1
3 12
3 12
2 1
2 21
1 2
14 1
2 1
4 11
4 7
1 7
1 4
3 1
1 14
1 25
1 12
1 65
2 1
2 2
10 1
1 30
4 1
1 19
2 1
2 1
7 1
7 1
62 1
4 1
2 1
1 3
1 5
1 14
2 1
1 3
1 4
2 1
6 1
14 1
1 2
12 1
2 1
2 2
6 1
5 2
3 1
1 1
2 1
3 4
2 4
1 14
22 4
1 5
10 3
9 1
2 1
117 1
17 1
8 1
12 3
5 2
165 1
17 1
17 1
2 1
36 1
1 2
1 2
45 2
89 2
1 13
1 8
10 7
16 10
20 2
6 5
4 3
6 43
2 39
1 17
7 13
1 4
1 64
1 14
2 1
2 1
2 1
2 2
12 2
77 2
9 21
1 21
1 9
1 9
1 2
5 2
1 2
1 21
1 3
97 14
97 5
1 3
9 1
1 3
10 5
11 5
1 10
1 10
5 1
1 4
1 2
2 1
2 1
3 1
3 1
1 4
20 1
2 1
1 11
4 11
40 1
5 16
1 16
3 1
1 15
1 7
3 1
3 2
1 2
1 2
2 1
2 1
22 127
14 37
2 127
12 90
2 1
2 1
60 3
60 1
1 12
1 2
2 1
22 1
8 1
1 101
2 1
2 2
53 1
1 6
1 21
3 2
3 3
2 1
1 2
1 1
20 1
5 2
5 1
9 1
2 1
2 2
1 74
107 1
6 1
27 2
27 37
9 7
10 4
1 1
4 1
1 2
1 37
1 2
1 43
2 43
6 3
2 3
4 1
1 15
9 1
1 107
1 3
1 3
1 2
1 2
1 6
3 1
2 1
1 11
1 3
5 5
5 11
1 4
1 2
13 1
9 3
13 2
9 4
4 2
1 6
8 1
1 9
1 9
1 2
16 1
8 1
8 1
1 1
2 1
2 1
1 3
5 1
1 4
2 2
4 5
1 3
7 1
7 12
2 4
2 1
1 1
6 5
6 1
2 1
2 1
1 2
1 2
4 1
4 54
2 69
3 15
3 30
1 15
3 16
3 5
5 3
5 3
1 11
4 1
1 2
7 1
2 1
1 17
4 1
1 1
1 2
10 1
2 1
1 5
1 4
2 4
1 2
10 4
3 4
12 1
7 1
1 2
5 15
1 15
1 2
1 83
2 6
2 1
1 5
1 2
10 1
1 1
2 1
1 9
1 2
2 1
1 2
2 1
1 1
4 1
1 43
2 7
2 1
1 12
3 6
1 6
1 88
2 1
2 11
2 9
2 3
5 3
1 6
2 1
1 13
1 2
11 1
75 1
1 12
1 12
1 2
2 2
2 1
1 2
2 1
1 2
1 1
2 16
2 17
2 2
2 1
1 2
2 14
2 6
10 30
7 30
7 1
5 1
4 1
1 4
3 2
3 6
7 1
4 1
1 7
2 2
3 2
1 2
1 4
1 7
18 1
2 5
1 5
8 1
1 3
1 3
11 2
1 3
6 1
6 2
5 1
2 24
2 74
3 3
6 1
7 4
4 2
1 29
1 3
1 2
13 1
1 7
1 7
4 1
1 1
1 4
4 1
1 6
1 7
33 1
33 42
9 1
1 9
4 8
4 7
14 3
14 1
1 1
55 2
55 2
1 2
1 28
3 1
1 3
3 3
37 8
37 6
5 1
5 4
6 1
1 1
3 1
4 1
4 1
2 1
2 1
1 2
2 2
1 3
1 1
1 3
1 5
3 1
1 108
2 1
1 9
8 1
4 2
8 2
4 3
4 1
2 1
16 1
10 1
2 1
1 2
1 38
2 1
36 3
36 1
1 2
2 1
2 2
1 16
1 5
2 3
2 3
2 2
1 4
2 1
1 3
1 2
1 60
2 1
2 1
1 56
1 2
2 2
2 2
19 1
5 7
5 14
1 2
9 1
1 15
1 3
7 1
1 4
3 1
3 1
3 1
13 1
1 3
1 2
1 6
1 6
1 6
1 3
1 5
1 5
34 26
34 11
1 3
14 1
14 5
2 5
2 4
2 1
1 2
7 1
2 1
1 2
1 1
7 1
1 143
1 11
2 2
2 2
1 2
1 2
2 6
1 6
6 1
1 3
1 11
1 11
1 45
2 7
1 7
1 61
4 61
1 6
1 10
1 2
1 2
1 2
5 1
1 2
2 1
1 13
1 14
3 1
3 3
3 1
2 6
2 6
2 1
4 4
4 1
1 60
2 1
2 2
4 2
6 1
6 1
6 1
1 13
9 1
4 1
7 4
1 4
1 4
167 3
92 3
12 12
12 6
2 1
1 3
4 7
4 10
2 1
2 1
2 3
2 1
2 1
1 58
1 5
1 130
1 2
11 1
1 1
1 7
4 1
1 4
2 1
13 1
2 1
1 43
5 2
9 13
4 16
1 11
2 1
2 2
2 1
1 2
1 2
1 2
2 1
9 2
5 3
6 1
8 2
1 1
1 4
3 18
3 15
1 2
1 4
52 23
52 12
2 1
1 9
1 17
1 23
1 2
2 2
1 24
2 1
3 1
9 5
8 5
2 4
2 2
3 5
7 5
1 3
1 3
2 15
2 2
1 7
3 7
1 8
1 2
1 2
4 1
4 1
1 1
13 1
4 1
1 30
5 5
3 33
3 8
2 25
1 4
1 15
2 1
2 1
10 1
1 3
3 24
3 15
3 4
3 2
2 2
19 2
1 52
1 2
1 4
1 3
1 3
6 1
6 1
2 1
1 2
1 2
1 2
2 15
2 6
1 4
1 2
2 2
2 5
1 2
2 2
3 1
7 1
2 1
5 63
5 7
1 3
1 3
1 2
5 38
5 16
1 30
1 1
1 161
1 2
1 26
1 48
2 48
16 4
2 2
1 9
17 7
1 2
5 1
1 2
2 1
4 2
1 1
15 11
2 11
2 1
2 1
1 9
1 9
5 1
1 44
34 1
1 13
1 4
11 1
11 4
1 2
12 1
1 13
5 6
5 14
117 1
1 6
3 1
1 33
5 1
3 1
1 161
1 161
2 1
6 6
2 6
1 9
1 6
1 2
4 1
6 1
1 11
1 11
2 1
2 1
2 1
2 17
1 17
1 58
39 1
16 1
16 10
3 1
3 1
1 5
3 2
6 2